com_x,com_y,pixel_area,roi_source
84,79,234,MBP
17,117,80,MBP
115,188,180,MBP
152,234,120,MBP
105,166,156,MBP
213,15,208,MBP
383,243,182,MBP
433,273,120,MBP
499,242,90,MBP
238,175,120,MBP
78,116,143,MBP
277,126,169,MBP
100,219,100,MBP
213,83,81,MBP
355,95,108,MBP
213,207,169,MBP
475,158,120,MBP
146,137,182,MBP
69,281,240,MBP
305,237,156,MBP
30,11,144,MBP
264,244,140,MBP
188,187,108,MBP
59,80,90,MBP
248,63,221,MBP
24,200,196,MBP
353,37,143,MBP
417,139,90,MBP
125,30,80,MBP
477,75,144,MBP
281,30,182,MBP
365,32,48,hand-drawn
369,43,48,hand-drawn
379,159,100,hand-drawn
97,289,126,hand-drawn
117,295,99,hand-drawn
706,54,342,MBP
780,154,132,MBP
830,163,132,MBP
720,191,182,MBP
989,200,180,MBP
913,189,156,MBP
764,2,140,MBP
836,37,99,MBP
564,230,132,MBP
708,84,195,MBP
903,86,255,MBP
806,127,176,MBP
823,16,195,MBP
540,116,169,MBP
741,14,99,MBP
751,274,240,MBP
560,40,100,MBP
800,187,168,MBP
784,26,238,MBP
539,264,88,MBP
590,249,143,MBP
940,93,210,MBP
770,127,169,MBP
527,203,110,MBP
775,291,120,MBP
610,188,208,MBP
524,52,99,MBP
663,259,182,MBP
775,207,132,MBP
844,34,144,MBP
700,234,121,MBP
556,153,156,MBP
818,2,91,MBP
795,100,110,MBP
611,293,96,MBP
653,130,96,MBP
816,85,182,MBP
825,7,132,MBP
898,45,120,MBP
839,51,99,MBP
752,210,90,hand-drawn
558,63,121,hand-drawn
510,203,96,hand-drawn
791,84,81,hand-drawn
1194,152,240,MBP
1444,207,72,MBP
1368,106,156,MBP
1037,119,154,MBP
1463,178,144,MBP
1012,15,88,MBP
1386,91,88,MBP
1455,33,126,MBP
1179,208,169,MBP
1152,187,195,MBP
1247,7,154,MBP
1347,254,168,MBP
1378,244,180,MBP
1346,213,182,MBP
1188,15,156,MBP
1377,6,91,MBP
1383,295,108,MBP
1050,294,144,hand-drawn
72,355,221,MBP
66,440,221,MBP
291,544,144,MBP
120,586,156,MBP
325,373,110,MBP
155,309,121,MBP
124,457,182,MBP
216,309,99,MBP
403,569,120,MBP
423,582,144,MBP
497,575,104,MBP
21,545,169,MBP
367,334,150,MBP
232,454,144,MBP
317,525,210,MBP
306,535,156,hand-drawn
713,482,210,MBP
837,494,108,MBP
842,530,96,MBP
755,445,255,MBP
508,516,150,MBP
931,471,195,MBP
632,545,132,MBP
663,529,121,MBP
882,434,143,MBP
863,570,240,MBP
809,365,156,MBP
540,534,224,MBP
534,315,110,MBP
904,509,110,MBP
783,531,110,MBP
989,447,132,MBP
578,356,180,MBP
521,418,108,MBP
919,591,100,MBP
848,461,100,MBP
774,525,80,MBP
738,552,156,MBP
935,521,143,MBP
942,581,63,MBP
680,429,266,MBP
744,380,240,MBP
954,577,48,hand-drawn
842,516,81,hand-drawn
1111,587,210,MBP
1111,401,143,MBP
1475,368,169,MBP
1049,442,100,MBP
1396,304,91,MBP
1191,505,121,MBP
1024,564,156,MBP
1485,546,121,MBP
1388,355,156,MBP
1205,577,121,MBP
1409,466,195,MBP
1068,446,144,MBP
1114,478,108,MBP
1112,448,110,MBP
1433,363,143,MBP
1242,545,90,MBP
1184,533,132,MBP
1454,587,72,MBP
1458,439,100,MBP
1467,315,90,MBP
1343,544,143,MBP
1370,511,120,MBP
1267,330,100,MBP
1034,466,96,MBP
1341,468,80,MBP
1085,526,221,MBP
1318,459,126,MBP
1441,582,99,MBP
1211,476,192,MBP
1427,461,252,MBP
1383,318,144,MBP
1277,525,121,MBP
1456,530,100,MBP
1038,435,108,MBP
1328,560,144,MBP
1391,428,144,MBP
1304,315,234,MBP
1097,455,156,MBP
1010,548,104,MBP
1456,520,121,MBP
1210,351,108,MBP
1199,334,154,MBP
1021,436,80,MBP
1257,334,132,MBP
1284,570,80,MBP
1370,346,99,MBP
1361,332,143,MBP
1415,557,91,hand-drawn
1422,557,99,hand-drawn
1441,571,77,hand-drawn
1447,558,88,hand-drawn
1485,570,108,hand-drawn
1114,534,99,hand-drawn
1372,308,88,hand-drawn
240,835,156,MBP
469,697,156,MBP
341,753,240,MBP
225,879,110,MBP
359,833,100,MBP
374,746,289,MBP
478,613,130,MBP
101,881,110,MBP
36,874,210,MBP
325,643,132,MBP
259,674,165,MBP
304,857,260,MBP
123,809,80,MBP
330,776,120,MBP
114,696,121,MBP
76,829,132,MBP
177,653,120,MBP
147,735,272,MBP
417,875,208,MBP
314,819,169,MBP
367,660,90,MBP
93,773,120,MBP
312,608,130,MBP
330,794,169,MBP
406,695,176,MBP
418,828,88,MBP
25,890,100,MBP
495,706,66,MBP
37,651,80,MBP
185,858,90,MBP
85,846,72,MBP
61,836,90,MBP
276,669,182,MBP
432,774,110,MBP
198,713,144,MBP
232,837,64,hand-drawn
541,766,208,MBP
665,872,294,MBP
944,813,156,MBP
515,850,168,MBP
685,818,252,MBP
638,884,120,MBP
752,739,169,MBP
758,612,196,MBP
878,809,182,MBP
898,749,143,MBP
896,765,182,MBP
969,760,120,MBP
786,618,100,MBP
612,689,70,MBP
773,855,196,MBP
686,628,156,MBP
635,779,99,MBP
765,763,196,MBP
833,640,238,MBP
844,836,323,MBP
507,709,121,MBP
795,774,156,MBP
949,679,96,MBP
566,810,120,MBP
719,868,143,MBP
586,656,117,MBP
712,766,182,MBP
862,628,130,MBP
694,794,81,MBP
699,607,144,MBP
593,644,120,MBP
717,824,110,MBP
637,851,130,MBP
802,803,143,MBP
685,749,108,MBP
671,841,120,MBP
855,706,143,MBP
910,841,132,MBP
797,718,165,MBP
608,831,132,MBP
995,750,247,MBP
783,684,104,MBP
569,656,56,MBP
615,627,154,MBP
768,815,90,MBP
577,637,117,hand-drawn
509,623,72,hand-drawn
791,844,90,hand-drawn
1318,682,154,MBP
1348,828,132,MBP
1092,878,99,MBP
1140,611,110,MBP
1236,805,154,MBP
1023,806,130,MBP
1396,818,168,MBP
1345,857,99,MBP
1089,708,143,MBP
1270,894,143,MBP
1226,871,132,MBP
1323,891,110,MBP
1007,710,153,MBP
1267,767,208,MBP
1395,756,72,MBP
1118,845,154,MBP
1422,763,120,MBP
1145,783,72,MBP
1034,873,80,MBP
1485,721,100,MBP
1352,793,165,MBP
1489,885,182,MBP
1433,645,99,MBP
1013,777,182,MBP
1032,881,132,MBP
1050,759,192,MBP
1145,722,121,MBP
1374,633,221,MBP
1490,799,108,MBP
1348,612,99,MBP
1287,846,90,MBP
1241,737,132,MBP
1226,632,144,MBP
1459,754,156,MBP
1093,656,140,MBP
1404,614,160,MBP
1397,775,110,MBP
1260,840,156,MBP
1322,885,110,MBP
1470,615,132,MBP
1060,671,110,MBP
1483,863,99,MBP
1391,728,64,MBP
1089,618,196,MBP
1461,670,169,MBP
1298,889,110,MBP
1447,739,70,MBP
1021,651,99,MBP
1494,766,100,MBP
1094,656,100,MBP
1019,688,100,MBP
1090,733,225,MBP
1144,640,182,MBP
1187,704,210,MBP
1161,797,144,MBP
1490,792,120,MBP
1441,637,70,MBP
1260,735,120,MBP
1267,743,143,MBP
1242,693,90,MBP
1403,852,88,MBP
1378,729,169,MBP
1084,864,81,hand-drawn
1082,848,143,hand-drawn
1056,828,120,hand-drawn
1303,665,156,hand-drawn
1410,674,42,hand-drawn
1422,660,66,hand-drawn
1402,711,63,hand-drawn
1105,668,88,hand-drawn
1331,748,60,hand-drawn
9,1176,221,MBP
98,1053,132,MBP
117,1098,272,MBP
234,999,182,MBP
350,956,195,MBP
214,951,81,MBP
94,1121,80,MBP
132,1162,195,MBP
186,1128,169,MBP
108,1144,168,MBP
443,1001,286,MBP
459,1166,96,MBP
299,1064,156,MBP
484,1189,143,MBP
156,971,143,MBP
245,1049,130,MBP
490,1163,120,MBP
234,1171,121,MBP
333,1176,160,MBP
440,1150,81,MBP
328,1003,195,MBP
2,928,156,MBP
369,1172,81,MBP
399,987,195,MBP
186,1002,195,MBP
278,966,169,MBP
247,912,108,MBP
253,1185,240,MBP
319,1027,156,MBP
57,980,99,MBP
472,1057,110,MBP
131,1178,168,MBP
153,1013,156,MBP
259,1096,100,MBP
173,1189,110,MBP
74,1048,99,MBP
383,1060,120,MBP
432,961,126,MBP
222,1157,90,MBP
190,1180,99,MBP
150,980,180,MBP
344,1051,100,MBP
8,1152,104,MBP
192,959,143,MBP
252,1113,110,MBP
1,1052,120,MBP
274,1042,120,MBP
73,961,99,MBP
237,997,182,MBP
383,1094,120,MBP
330,1048,88,MBP
1,1037,96,MBP
448,1189,99,MBP
213,1127,88,hand-drawn
323,966,121,hand-drawn
429,1019,81,hand-drawn
410,1026,42,hand-drawn
215,1067,84,hand-drawn
191,1150,70,hand-drawn
223,1196,49,hand-drawn
612,1097,195,MBP
912,1072,156,MBP
941,1008,132,MBP
789,1141,144,MBP
726,1073,121,MBP
819,980,266,MBP
505,1099,108,MBP
845,1197,169,MBP
640,1008,165,MBP
562,1155,132,MBP
556,1060,156,MBP
946,1113,176,MBP
807,1089,110,MBP
595,1135,169,MBP
753,1077,72,MBP
759,1059,182,MBP
615,1152,110,MBP
839,1141,260,MBP
963,1162,208,MBP
687,952,132,MBP
559,1073,110,MBP
633,1190,182,MBP
659,922,80,MBP
579,1071,110,MBP
733,1136,221,MBP
873,963,154,MBP
773,958,225,MBP
667,1161,132,MBP
915,927,182,MBP
775,1169,156,MBP
580,1001,121,MBP
641,1170,110,MBP
681,909,100,MBP
589,1065,121,MBP
745,916,132,MBP
962,1040,143,MBP
552,909,156,MBP
643,966,180,MBP
930,996,100,MBP
637,1041,99,MBP
748,959,72,MBP
988,1154,144,MBP
589,1042,110,MBP
728,911,160,MBP
623,1029,140,MBP
508,1153,168,MBP
996,906,112,MBP
605,1012,208,MBP
789,1109,169,MBP
853,955,140,MBP
902,978,140,MBP
765,1181,100,MBP
863,1183,70,MBP
569,968,81,MBP
714,906,84,MBP
740,960,110,MBP
794,1068,90,MBP
803,1021,140,MBP
597,938,143,MBP
931,906,112,MBP
713,1038,120,MBP
885,1192,81,MBP
712,935,121,MBP
552,1179,108,MBP
987,1087,154,MBP
516,1043,81,MBP
741,1067,63,hand-drawn
642,1186,80,hand-drawn
591,1149,80,hand-drawn
516,1029,110,hand-drawn
934,1179,63,hand-drawn
939,1172,90,hand-drawn
785,1028,64,hand-drawn
1215,1073,270,MBP
1346,1161,208,MBP
1211,1162,99,MBP
1447,1148,156,MBP
1413,1064,108,MBP
1390,1102,100,MBP
1037,1092,210,MBP
1354,932,120,MBP
1312,971,121,MBP
1442,1126,77,MBP
1236,921,72,MBP
1257,1162,204,MBP
1146,1168,154,MBP
1188,988,210,MBP
1288,1168,154,MBP
1442,949,120,MBP
1288,1191,120,MBP
1406,1131,240,MBP
1223,944,169,MBP
1007,1092,168,MBP
1126,912,130,MBP
1104,1108,156,MBP
1334,1077,143,MBP
1479,924,144,MBP
1287,1037,260,MBP
1279,1078,135,MBP
1023,1063,156,MBP
1413,913,100,MBP
1370,995,216,MBP
1361,906,154,MBP
1424,1035,132,MBP
1341,1086,100,MBP
1055,905,120,MBP
1328,1029,140,MBP
1486,946,266,MBP
1362,1043,168,MBP
1178,1168,165,MBP
1025,1141,120,MBP
1415,1020,225,MBP
1339,939,165,MBP
1256,1100,99,MBP
1031,1165,208,MBP
1429,1184,132,MBP
1194,932,120,MBP
1309,983,100,MBP
1045,1036,144,MBP
1370,1140,144,MBP
1007,980,110,MBP
1098,1142,99,MBP
1465,989,88,MBP
1258,1187,132,MBP
1212,1056,198,MBP
1472,1140,180,MBP
1492,1149,126,MBP
1296,1146,132,MBP
1098,987,81,MBP
1076,1058,154,MBP
1192,1192,168,MBP
1294,1017,255,MBP
1317,1105,88,MBP
1150,1147,121,MBP
1123,1044,121,MBP
1445,1065,154,MBP
1313,1061,143,MBP
1319,987,130,MBP
1110,1102,154,MBP
1088,1190,130,MBP
1449,1181,108,MBP
1368,1057,156,MBP
1258,1175,99,MBP
1489,992,108,MBP
1138,1088,63,MBP
1385,974,117,MBP
1100,1026,182,MBP
1074,1102,99,MBP
1411,969,108,hand-drawn
1363,955,96,hand-drawn
1315,1074,84,hand-drawn
1296,1064,56,hand-drawn
1301,1043,63,hand-drawn
1399,1117,63,hand-drawn
1444,1156,72,hand-drawn
1071,1121,56,hand-drawn
1137,988,88,hand-drawn
1164,983,110,hand-drawn
1041,927,81,hand-drawn
1090,904,66,hand-drawn
1003,975,99,hand-drawn
1017,1000,80,hand-drawn
1468,981,88,hand-drawn
1461,956,81,hand-drawn
1442,1198,60,hand-drawn
1226,1036,77,hand-drawn
1429,1118,99,hand-drawn
107,1236,255,MBP
401,1299,195,MBP
408,1491,224,MBP
9,1461,132,MBP
163,1495,210,MBP
47,1483,156,MBP
64,1429,110,MBP
319,1414,130,MBP
356,1459,120,MBP
5,1325,153,MBP
479,1256,154,MBP
392,1494,210,MBP
435,1210,72,MBP
108,1276,192,MBP
100,1329,120,MBP
448,1242,247,MBP
298,1392,120,MBP
30,1364,143,MBP
92,1461,182,MBP
23,1447,130,MBP
3,1416,150,MBP
117,1299,110,MBP
344,1366,132,MBP
382,1426,110,MBP
38,1457,132,MBP
59,1318,132,MBP
141,1496,156,MBP
151,1288,208,MBP
159,1382,169,MBP
356,1436,110,MBP
205,1387,120,MBP
231,1402,143,MBP
117,1492,195,MBP
384,1361,150,MBP
247,1318,195,MBP
284,1493,104,MBP
304,1466,132,MBP
231,1225,120,MBP
496,1367,110,MBP
259,1389,120,MBP
91,1356,150,MBP
375,1249,156,MBP
72,1257,132,MBP
282,1260,208,MBP
462,1216,144,MBP
432,1230,180,MBP
484,1440,72,MBP
307,1458,108,MBP
250,1483,156,MBP
278,1424,120,MBP
217,1313,156,MBP
116,1418,110,MBP
315,1265,182,MBP
72,1269,182,MBP
285,1448,132,MBP
99,1397,80,hand-drawn
99,1410,72,hand-drawn
88,1423,49,hand-drawn
124,1451,90,hand-drawn
96,1437,63,hand-drawn
30,1421,80,hand-drawn
157,1392,180,hand-drawn
169,1422,117,hand-drawn
141,1384,88,hand-drawn
174,1363,117,hand-drawn
100,1368,48,hand-drawn
95,1381,64,hand-drawn
273,1452,121,hand-drawn
277,1375,132,hand-drawn
274,1365,70,hand-drawn
312,1387,88,hand-drawn
348,1352,120,hand-drawn
380,1308,240,hand-drawn
423,1292,80,hand-drawn
440,1295,121,hand-drawn
397,1279,120,hand-drawn
430,1477,90,hand-drawn
450,1420,110,hand-drawn
196,1291,110,hand-drawn
181,1274,110,hand-drawn
322,1246,130,hand-drawn
310,1288,156,hand-drawn
215,1412,48,hand-drawn
299,1422,64,hand-drawn
628,1360,154,MBP
839,1493,240,MBP
533,1351,156,MBP
526,1392,110,MBP
525,1484,108,MBP
576,1245,81,MBP
928,1475,169,MBP
990,1262,180,MBP
636,1421,221,MBP
874,1336,154,MBP
682,1294,168,MBP
899,1448,121,MBP
740,1246,88,MBP
809,1444,266,MBP
742,1312,182,MBP
833,1318,168,MBP
669,1277,210,MBP
852,1360,221,MBP
933,1277,121,MBP
663,1305,120,MBP
510,1208,156,MBP
762,1240,121,MBP
592,1299,224,MBP
542,1472,195,MBP
593,1243,221,MBP
540,1343,90,MBP
928,1430,168,MBP
969,1395,121,MBP
792,1360,99,MBP
608,1386,168,MBP
962,1286,140,MBP
899,1483,154,MBP
585,1466,110,MBP
568,1351,196,MBP
557,1434,154,MBP
846,1456,110,MBP
865,1405,182,MBP
697,1371,156,MBP
620,1449,195,MBP
963,1326,156,MBP
726,1429,168,MBP
641,1319,132,MBP
789,1273,165,MBP
779,1443,110,MBP
844,1257,88,MBP
775,1327,80,MBP
775,1312,132,MBP
924,1326,120,MBP
738,1320,221,MBP
559,1337,156,MBP
502,1287,99,MBP
744,1478,132,MBP
807,1447,156,MBP
537,1374,110,MBP
776,1374,110,MBP
612,1206,96,MBP
631,1469,144,MBP
680,1411,120,MBP
922,1283,154,MBP
741,1239,70,MBP
989,1297,126,MBP
817,1206,88,MBP
942,1222,80,MBP
803,1334,77,MBP
754,1452,99,MBP
736,1209,110,MBP
670,1399,80,MBP
558,1492,108,MBP
793,1393,70,MBP
566,1457,169,MBP
566,1208,130,MBP
728,1382,120,MBP
978,1463,80,hand-drawn
985,1452,112,hand-drawn
969,1448,182,hand-drawn
773,1370,100,hand-drawn
768,1362,72,hand-drawn
715,1351,154,hand-drawn
671,1257,99,hand-drawn
658,1248,98,hand-drawn
607,1399,196,hand-drawn
614,1415,121,hand-drawn
516,1368,63,hand-drawn
560,1314,90,hand-drawn
763,1407,99,hand-drawn
764,1390,72,hand-drawn
795,1414,110,hand-drawn
694,1423,110,hand-drawn
894,1353,81,hand-drawn
881,1388,88,hand-drawn
900,1404,72,hand-drawn
814,1285,88,hand-drawn
754,1269,96,hand-drawn
843,1205,91,hand-drawn
1483,1373,132,MBP
1046,1295,180,MBP
1441,1391,192,MBP
1398,1464,270,MBP
1424,1250,132,MBP
1280,1356,90,MBP
1187,1233,126,MBP
1387,1414,120,MBP
1335,1445,81,MBP
1256,1471,121,MBP
1450,1411,234,MBP
1431,1233,154,MBP
1179,1374,204,MBP
1237,1328,81,MBP
1062,1385,110,MBP
1471,1400,132,MBP
1205,1277,96,MBP
1209,1411,110,MBP
1306,1485,144,MBP
1090,1373,143,MBP
1335,1434,99,MBP
1308,1249,216,MBP
1223,1292,120,MBP
1085,1244,225,MBP
1444,1209,110,MBP
1425,1302,99,MBP
1199,1326,140,MBP
1387,1212,285,MBP
1369,1435,168,MBP
1446,1342,182,MBP
1018,1493,110,MBP
1413,1387,108,MBP
1446,1460,64,MBP
1070,1422,121,MBP
1116,1410,90,MBP
1275,1267,110,MBP
1319,1213,192,MBP
1080,1437,130,MBP
1347,1230,196,MBP
1419,1237,117,MBP
1081,1435,198,MBP
1219,1469,255,MBP
1285,1440,121,MBP
1247,1359,204,MBP
1433,1484,169,MBP
1043,1485,182,MBP
1373,1227,110,MBP
1224,1357,156,MBP
1015,1343,88,MBP
1235,1398,120,MBP
1312,1363,156,MBP
1248,1354,182,MBP
1300,1215,132,MBP
1330,1298,110,MBP
1026,1212,110,MBP
1005,1298,182,MBP
1027,1454,110,MBP
1274,1218,132,MBP
1122,1324,156,MBP
1001,1438,136,MBP
1393,1339,150,MBP
1294,1271,196,MBP
1478,1213,100,MBP
1268,1397,120,MBP
1353,1300,255,MBP
1315,1469,110,MBP
1393,1365,100,MBP
1433,1484,90,MBP
1308,1377,132,MBP
1429,1313,110,MBP
1407,1259,168,MBP
1218,1243,154,MBP
1283,1316,96,MBP
1497,1455,88,MBP
1480,1255,130,MBP
1123,1379,90,MBP
1124,1344,108,MBP
1415,1325,169,MBP
1332,1399,64,MBP
1148,1315,144,MBP
1480,1391,132,MBP
1477,1443,210,MBP
1273,1401,143,MBP
1358,1377,90,MBP
1038,1452,110,MBP
1363,1489,63,MBP
1476,1247,99,hand-drawn
1208,1320,48,hand-drawn
1174,1331,81,hand-drawn
1310,1318,72,hand-drawn
1322,1344,49,hand-drawn
1304,1458,99,hand-drawn
1340,1467,108,hand-drawn
1281,1489,72,hand-drawn
1259,1482,63,hand-drawn
1265,1454,117,hand-drawn
1265,1491,63,hand-drawn
1471,1491,72,hand-drawn
466,1627,342,MBP
89,1723,132,MBP
143,1795,255,MBP
88,1536,121,MBP
194,1628,210,MBP
54,1772,143,MBP
447,1536,323,MBP
120,1777,266,MBP
452,1722,90,MBP
426,1558,80,MBP
340,1750,195,MBP
184,1550,110,MBP
197,1684,143,MBP
89,1761,120,MBP
69,1667,143,MBP
100,1751,182,MBP
375,1532,168,MBP
350,1733,110,MBP
338,1580,168,MBP
270,1562,81,MBP
87,1555,182,MBP
296,1615,100,MBP
310,1796,121,MBP
72,1773,154,MBP
14,1613,195,MBP
61,1681,110,MBP
101,1669,110,MBP
380,1692,143,MBP
323,1634,156,MBP
110,1593,154,MBP
251,1606,120,MBP
314,1770,238,MBP
345,1595,180,MBP
367,1546,80,MBP
192,1672,99,MBP
87,1699,168,MBP
412,1680,196,MBP
15,1698,144,MBP
42,1790,108,MBP
476,1575,154,MBP
143,1767,210,MBP
415,1730,130,MBP
227,1554,210,MBP
364,1797,121,MBP
244,1676,132,MBP
287,1690,144,MBP
205,1767,100,MBP
108,1696,72,MBP
100,1791,108,MBP
458,1792,132,MBP
444,1778,180,MBP
37,1749,180,MBP
13,1782,80,MBP
461,1708,81,MBP
175,1746,108,MBP
231,1703,130,MBP
188,1569,130,MBP
212,1506,221,MBP
285,1717,100,MBP
392,1781,96,MBP
256,1688,210,MBP
75,1787,88,MBP
291,1666,56,MBP
299,1505,144,MBP
375,1736,110,MBP
124,1506,120,MBP
77,1630,56,MBP
24,1643,120,MBP
170,1618,121,MBP
63,1643,80,MBP
43,1685,168,MBP
152,1597,99,MBP
362,1654,99,MBP
234,1736,247,MBP
173,1702,195,MBP
381,1742,110,MBP
436,1613,88,MBP
249,1721,195,MBP
186,1550,110,MBP
306,1755,56,MBP
161,1541,99,MBP
389,1760,196,MBP
14,1551,108,MBP
223,1649,110,MBP
236,1635,120,MBP
257,1583,182,MBP
453,1679,192,MBP
399,1768,143,MBP
254,1644,154,MBP
280,1525,195,MBP
65,1791,70,MBP
414,1613,168,MBP
449,1639,132,MBP
250,1748,168,MBP
387,1541,81,MBP
150,1547,117,MBP
22,1786,104,MBP
62,1642,54,MBP
22,1573,165,MBP
334,1557,110,hand-drawn
373,1645,60,hand-drawn
428,1656,77,hand-drawn
415,1643,88,hand-drawn
349,1704,120,hand-drawn
424,1740,72,hand-drawn
71,1728,108,hand-drawn
207,1722,100,hand-drawn
221,1719,64,hand-drawn
28,1767,132,hand-drawn
321,1616,96,hand-drawn
236,1581,84,hand-drawn
158,1534,88,hand-drawn
141,1537,117,hand-drawn
141,1597,81,hand-drawn
184,1706,81,hand-drawn
421,1781,96,hand-drawn
462,1757,84,hand-drawn
331,1737,90,hand-drawn
294,1748,90,hand-drawn
271,1751,96,hand-drawn
182,1527,88,hand-drawn
305,1524,108,hand-drawn
634,1645,160,MBP
557,1642,144,MBP
970,1784,100,MBP
753,1576,289,MBP
539,1739,289,MBP
824,1535,117,MBP
851,1795,168,MBP
975,1750,100,MBP
587,1779,144,MBP
610,1646,156,MBP
540,1679,100,MBP
604,1578,195,MBP
726,1555,196,MBP
767,1508,285,MBP
698,1714,289,MBP
982,1653,81,MBP
548,1781,110,MBP
735,1634,210,MBP
884,1790,210,MBP
918,1766,143,MBP
982,1575,80,MBP
934,1538,132,MBP
746,1697,238,MBP
894,1609,70,MBP
686,1742,132,MBP
984,1627,132,MBP
763,1731,121,MBP
924,1662,238,MBP
645,1596,182,MBP
541,1535,195,MBP
553,1708,168,MBP
944,1770,72,MBP
532,1639,165,MBP
752,1771,182,MBP
826,1792,168,MBP
974,1732,132,MBP
835,1756,143,MBP
845,1719,182,MBP
929,1566,99,MBP
618,1680,120,MBP
542,1565,228,MBP
694,1512,182,MBP
596,1776,255,MBP
514,1669,120,MBP
802,1555,99,MBP
808,1575,208,MBP
800,1724,100,MBP
877,1696,143,MBP
859,1645,90,MBP
634,1716,90,MBP
679,1607,132,MBP
505,1766,204,MBP
637,1564,182,MBP
796,1628,90,MBP
844,1592,121,MBP
966,1525,81,MBP
798,1529,88,MBP
736,1589,90,MBP
960,1702,108,MBP
678,1580,64,MBP
753,1769,224,MBP
551,1706,99,MBP
577,1554,192,MBP
870,1667,99,MBP
908,1718,180,MBP
966,1675,110,MBP
832,1780,96,MBP
687,1763,252,MBP
737,1741,120,MBP
622,1789,108,MBP
928,1787,110,MBP
533,1699,88,MBP
773,1535,88,MBP
621,1579,108,MBP
838,1618,120,MBP
578,1615,120,MBP
606,1531,90,MBP
501,1657,80,MBP
669,1759,132,MBP
829,1584,120,MBP
782,1775,110,MBP
889,1622,130,MBP
909,1692,132,MBP
884,1760,80,MBP
803,1678,80,MBP
720,1664,90,MBP
799,1780,144,MBP
657,1518,176,MBP
769,1697,110,MBP
717,1634,195,MBP
939,1581,266,MBP
834,1730,132,MBP
886,1756,99,MBP
826,1515,216,MBP
532,1748,132,MBP
717,1697,110,MBP
618,1694,99,MBP
645,1742,96,MBP
845,1652,48,hand-drawn
925,1606,153,hand-drawn
813,1632,88,hand-drawn
708,1677,165,hand-drawn
634,1626,154,hand-drawn
969,1545,56,hand-drawn
977,1559,100,hand-drawn
981,1545,49,hand-drawn
993,1543,72,hand-drawn
992,1559,90,hand-drawn
768,1712,63,hand-drawn
771,1747,48,hand-drawn
620,1746,88,hand-drawn
1487,1635,99,MBP
1063,1712,225,MBP
1066,1760,306,MBP
1481,1682,90,MBP
1182,1753,100,MBP
1212,1764,180,MBP
1185,1665,340,MBP
1129,1640,132,MBP
1032,1650,143,MBP
1043,1546,90,MBP
1363,1742,240,MBP
1458,1732,168,MBP
1393,1685,182,MBP
1142,1625,100,MBP
1008,1764,160,MBP
1080,1597,108,MBP
1234,1713,130,MBP
1123,1560,110,MBP
1250,1577,225,MBP
1214,1684,143,MBP
1017,1509,108,MBP
1394,1548,156,MBP
1303,1630,70,MBP
1296,1598,99,MBP
1380,1775,308,MBP
1255,1607,168,MBP
1335,1642,90,MBP
1246,1668,182,MBP
1332,1503,90,MBP
1280,1539,100,MBP
1325,1523,120,MBP
1462,1786,154,MBP
1275,1698,154,MBP
1354,1701,144,MBP
1412,1739,130,MBP
1178,1738,143,MBP
1403,1587,90,MBP
1110,1656,234,MBP
1172,1525,156,MBP
1461,1786,182,MBP
1148,1694,110,MBP
1293,1716,132,MBP
1329,1631,121,MBP
1009,1526,169,MBP
1345,1571,100,MBP
1006,1721,136,MBP
1163,1710,156,MBP
1463,1550,99,MBP
1001,1631,187,MBP
1082,1540,130,MBP
1418,1532,100,MBP
1185,1644,196,MBP
1196,1550,88,MBP
1183,1538,70,MBP
1228,1703,108,MBP
1496,1747,156,MBP
1363,1644,120,MBP
1192,1539,70,MBP
1217,1753,117,MBP
1229,1752,132,MBP
1428,1613,88,MBP
1286,1683,143,MBP
1040,1555,108,MBP
1334,1598,108,MBP
1209,1564,100,MBP
1063,1551,64,MBP
1212,1525,120,MBP
1213,1669,110,MBP
1448,1504,104,MBP
1238,1648,88,MBP
1025,1613,108,MBP
1229,1752,110,MBP
1087,1526,88,MBP
1493,1693,169,MBP
1443,1629,156,MBP
1258,1690,130,MBP
1352,1510,144,MBP
1195,1794,105,MBP
1433,1636,108,MBP
1239,1794,130,MBP
1297,1727,110,MBP
1204,1600,168,MBP
1196,1715,110,MBP
1045,1675,110,MBP
1168,1570,132,MBP
1095,1515,90,MBP
1438,1699,108,MBP
1406,1692,120,MBP
1232,1520,132,MBP
1166,1587,132,MBP
1063,1551,132,MBP
1438,1547,110,MBP
1428,1758,120,MBP
1207,1638,110,MBP
1152,1559,150,hand-drawn
1243,1551,110,hand-drawn
1375,1559,70,hand-drawn
1193,1565,80,hand-drawn
1345,1520,108,hand-drawn
1475,1549,84,hand-drawn
1485,1527,165,hand-drawn
1468,1567,56,hand-drawn
1457,1639,170,hand-drawn
1014,1692,80,hand-drawn
1034,1712,70,hand-drawn
1037,1767,143,hand-drawn
1020,1770,99,hand-drawn
1311,1747,143,hand-drawn
1308,1658,49,hand-drawn
1266,1618,72,hand-drawn
1257,1622,88,hand-drawn
80,1987,195,MBP
242,1801,156,MBP
45,2047,315,MBP
310,2095,140,MBP
213,1846,285,MBP
94,1957,182,MBP
245,1943,156,MBP
318,1964,168,MBP
3,2052,210,MBP
362,2071,110,MBP
163,2052,130,MBP
113,2006,156,MBP
431,1905,120,MBP
489,1841,100,MBP
453,2094,91,MBP
237,2070,210,MBP
334,1873,210,MBP
49,1887,270,MBP
474,1870,126,MBP
402,2013,169,MBP
237,1851,110,MBP
376,1850,130,MBP
373,2052,72,MBP
325,1905,90,MBP
123,2083,224,MBP
97,2078,180,MBP
326,2093,96,MBP
281,1990,168,MBP
274,1958,208,MBP
156,2079,96,MBP
243,1986,56,MBP
432,1888,120,MBP
7,1839,240,MBP
170,1809,100,MBP
442,1841,96,MBP
94,2044,156,MBP
182,1803,132,MBP
271,1824,110,MBP
343,1930,72,MBP
258,1898,121,MBP
202,1905,176,MBP
315,1885,160,MBP
337,1861,192,MBP
375,2062,160,MBP
438,1874,110,MBP
43,2023,96,MBP
152,1983,110,MBP
30,1899,272,MBP
61,2093,132,MBP
248,1829,120,MBP
468,1859,104,MBP
439,1861,117,MBP
421,2070,169,MBP
44,1946,100,MBP
199,2005,120,MBP
282,2079,90,MBP
477,1939,132,MBP
260,1848,247,MBP
63,1808,150,MBP
24,1859,120,MBP
307,2060,110,MBP
396,1870,90,MBP
376,1907,132,MBP
375,1945,99,MBP
454,1954,143,MBP
333,1952,108,MBP
425,2010,117,MBP
91,1871,81,MBP
354,1996,247,MBP
21,1969,156,MBP
466,2039,80,MBP
77,1888,143,MBP
458,1877,70,MBP
385,2080,90,MBP
93,1909,100,MBP
464,1903,132,MBP
189,1824,156,MBP
161,1918,54,MBP
168,1983,160,MBP
361,1889,80,MBP
125,1930,81,MBP
292,1912,81,MBP
34,1877,88,MBP
478,1930,80,hand-drawn
486,1919,64,hand-drawn
478,1998,64,hand-drawn
218,1940,110,hand-drawn
10,1952,72,hand-drawn
113,1832,99,hand-drawn
23,1825,81,hand-drawn
36,1839,110,hand-drawn
136,2057,132,hand-drawn
193,1809,90,hand-drawn
417,1851,112,hand-drawn
725,2058,198,MBP
976,2033,72,MBP
514,1958,256,MBP
855,2034,224,MBP
742,1895,143,MBP
967,1930,110,MBP
652,2051,110,MBP
633,1939,240,MBP
831,1975,108,MBP
964,1975,126,MBP
695,1950,208,MBP
741,1852,100,MBP
819,2090,110,MBP
508,1811,132,MBP
834,1953,240,MBP
585,1970,156,MBP
975,1842,210,MBP
781,2063,117,MBP
895,1989,182,MBP
851,2072,99,MBP
590,2008,182,MBP
848,2058,143,MBP
736,1953,99,MBP
595,2093,121,MBP
670,1874,110,MBP
836,1857,99,MBP
617,1967,90,MBP
544,2019,192,MBP
891,2084,99,MBP
507,2036,99,MBP
804,1913,169,MBP
639,1995,132,MBP
712,1952,90,MBP
739,1988,99,MBP
716,2006,154,MBP
896,1935,110,MBP
890,1849,81,MBP
789,2025,144,MBP
952,1879,225,MBP
946,2065,80,MBP
681,1962,168,MBP
801,1866,110,MBP
533,2093,120,MBP
928,1852,132,MBP
841,1965,110,MBP
617,1994,144,MBP
915,2047,81,MBP
682,1838,99,MBP
918,1919,72,MBP
717,1978,120,MBP
832,2037,121,MBP
722,1924,121,MBP
607,2009,192,MBP
643,1922,96,MBP
544,2047,108,MBP
525,1845,99,MBP
967,2064,240,MBP
681,2048,132,MBP
918,1893,90,MBP
651,1803,132,MBP
537,1894,168,MBP
629,1889,165,MBP
818,1833,121,MBP
877,1815,234,MBP
611,1900,110,MBP
928,2075,135,MBP
634,2024,192,MBP
632,1834,154,MBP
980,1926,121,MBP
514,1865,130,MBP
752,2025,110,MBP
530,1976,110,MBP
839,1999,99,MBP
998,1990,120,MBP
781,1868,154,MBP
764,1809,121,MBP
531,2015,132,MBP
512,1862,117,MBP
623,1862,176,MBP
809,1833,120,MBP
699,1973,90,MBP
773,1892,144,MBP
864,1837,88,MBP
701,1896,121,MBP
627,1930,180,MBP
823,1864,117,MBP
797,2054,130,MBP
790,1849,96,MBP
743,2095,70,MBP
699,1897,88,MBP
942,1964,132,MBP
580,1867,144,MBP
527,1925,72,MBP
725,1997,100,MBP
916,1904,70,MBP
556,1845,81,MBP
846,1856,90,hand-drawn
977,1825,84,hand-drawn
600,1858,90,hand-drawn
600,1819,80,hand-drawn
686,1856,110,hand-drawn
699,1852,80,hand-drawn
527,1937,132,hand-drawn
682,1893,81,hand-drawn
687,1888,70,hand-drawn
811,1904,63,hand-drawn
603,1895,88,hand-drawn
614,1952,56,hand-drawn
1202,2037,180,MBP
1366,2043,180,MBP
1270,2023,108,MBP
1321,1920,156,MBP
1153,1962,121,MBP
1460,2008,90,MBP
1370,1952,182,MBP
1069,1933,108,MBP
1431,2095,154,MBP
1221,1885,420,MBP
1186,1961,208,MBP
1041,2014,77,MBP
1419,1956,323,MBP
1300,2023,182,MBP
1420,2041,100,MBP
1292,1844,81,MBP
1282,1923,252,MBP
1166,2024,108,MBP
1413,1855,110,MBP
1025,1847,176,MBP
1259,1948,168,MBP
1454,1813,169,MBP
1217,1958,110,MBP
1448,1935,208,MBP
1330,2037,81,MBP
1311,1864,121,MBP
1249,1901,238,MBP
1006,2094,168,MBP
1176,1983,90,MBP
1027,1814,143,MBP
1166,1801,247,MBP
1140,2073,154,MBP
1496,2027,120,MBP
1259,2065,100,MBP
1084,1987,156,MBP
1379,1862,143,MBP
1157,1985,221,MBP
1194,1818,208,MBP
1117,2091,100,MBP
1017,2048,90,MBP
1320,2039,110,MBP
1259,2090,130,MBP
1449,1904,120,MBP
1353,1862,99,MBP
1455,2069,132,MBP
1312,2000,132,MBP
1081,1966,168,MBP
1058,2043,143,MBP
1383,2014,195,MBP
1173,1896,81,MBP
1099,1976,104,MBP
1234,1813,110,MBP
1393,2044,110,MBP
1083,1865,156,MBP
1217,2081,224,MBP
1042,2091,132,MBP
1358,2037,121,MBP
1355,1884,99,MBP
1486,1870,108,MBP
1376,2078,156,MBP
1228,2027,132,MBP
1009,1902,150,MBP
1498,1809,84,MBP
1407,1817,156,MBP
1040,1921,204,MBP
1129,1887,195,MBP
1095,2077,156,MBP
1165,1879,120,MBP
1430,1892,99,MBP
1115,1897,168,MBP
1327,2097,77,MBP
1222,2066,228,MBP
1031,1909,132,MBP
1388,1977,165,MBP
1421,2031,110,MBP
1341,1814,132,MBP
1203,1916,182,MBP
1168,2007,120,MBP
1262,1833,144,MBP
1337,1937,100,MBP
1001,2006,88,MBP
1419,2003,160,MBP
1132,2026,64,MBP
1145,1900,132,MBP
1094,2058,154,MBP
1463,2065,100,hand-drawn
1274,1961,90,hand-drawn
1135,1989,100,hand-drawn
1059,1981,121,hand-drawn
1117,1821,96,hand-drawn
1338,1825,63,hand-drawn
15,2379,108,MBP
284,2211,182,MBP
179,2393,110,MBP
274,2308,128,MBP
105,2348,143,MBP
449,2390,130,MBP
412,2145,110,MBP
474,2330,108,MBP
239,2114,165,MBP
238,2163,110,MBP
432,2279,96,MBP
222,2314,156,MBP
486,2308,90,MBP
249,2376,144,MBP
426,2132,132,MBP
39,2249,132,MBP
484,2388,182,MBP
189,2329,182,MBP
178,2131,143,MBP
114,2323,224,MBP
230,2366,153,MBP
353,2170,110,MBP
150,2117,120,MBP
98,2288,132,MBP
195,2180,132,MBP
445,2194,88,MBP
316,2271,182,MBP
387,2333,144,MBP
400,2170,144,MBP
107,2197,90,MBP
412,2309,99,MBP
58,2303,99,MBP
66,2349,130,MBP
191,2313,169,MBP
49,2207,144,MBP
345,2202,120,MBP
289,2186,99,MBP
226,2262,169,MBP
267,2324,225,MBP
392,2259,143,MBP
184,2181,168,MBP
188,2136,255,MBP
423,2371,99,MBP
392,2379,121,MBP
50,2144,121,MBP
492,2147,169,MBP
173,2254,90,MBP
411,2203,108,MBP
394,2296,99,MBP
35,2287,143,MBP
123,2229,156,MBP
59,2129,143,MBP
91,2105,99,MBP
444,2348,112,MBP
58,2204,108,MBP
143,2172,182,MBP
382,2204,70,MBP
70,2317,120,MBP
81,2125,108,MBP
3,2238,64,MBP
201,2171,156,MBP
430,2343,108,MBP
156,2313,108,hand-drawn
231,2293,110,hand-drawn
244,2285,48,hand-drawn
240,2306,81,hand-drawn
214,2327,72,hand-drawn
240,2346,80,hand-drawn
337,2382,90,hand-drawn
422,2226,96,hand-drawn
418,2268,60,hand-drawn
370,2272,90,hand-drawn
391,2267,72,hand-drawn
101,2392,128,hand-drawn
139,2393,88,hand-drawn
189,2369,110,hand-drawn
7,2152,130,hand-drawn
30,2195,99,hand-drawn
256,2115,130,hand-drawn
233,2129,150,hand-drawn
197,2252,165,hand-drawn
165,2244,99,hand-drawn
330,2220,195,hand-drawn
375,2156,154,hand-drawn
275,2131,88,hand-drawn
287,2134,49,hand-drawn
328,2138,72,hand-drawn
388,2111,70,hand-drawn
377,2113,54,hand-drawn
305,2106,80,hand-drawn
334,2105,48,hand-drawn
306,2144,100,hand-drawn
321,2169,49,hand-drawn
327,2171,64,hand-drawn
253,2199,110,hand-drawn
20,2132,72,hand-drawn
154,2210,56,hand-drawn
446,2152,81,hand-drawn
360,2213,99,hand-drawn
231,2239,108,hand-drawn
555,2126,210,MBP
797,2389,132,MBP
521,2385,195,MBP
966,2282,144,MBP
745,2224,210,MBP
974,2354,110,MBP
696,2158,99,MBP
816,2159,120,MBP
952,2349,100,MBP
570,2274,165,MBP
921,2393,96,MBP
596,2315,154,MBP
975,2333,110,MBP
844,2356,156,MBP
967,2176,195,MBP
841,2257,132,MBP
589,2129,208,MBP
705,2296,120,MBP
666,2218,143,MBP
584,2363,110,MBP
932,2279,108,MBP
613,2342,182,MBP
557,2141,108,MBP
738,2311,120,MBP
546,2387,182,MBP
688,2207,208,MBP
910,2355,156,MBP
944,2219,132,MBP
892,2336,228,MBP
773,2156,120,MBP
656,2279,238,MBP
879,2245,110,MBP
697,2364,110,MBP
514,2364,120,MBP
634,2141,100,MBP
674,2162,120,MBP
657,2187,99,MBP
968,2233,154,MBP
827,2139,156,MBP
805,2314,99,MBP
795,2270,168,MBP
525,2120,90,MBP
523,2311,150,MBP
875,2363,182,MBP
790,2370,168,MBP
771,2181,90,MBP
912,2313,192,MBP
720,2349,156,MBP
610,2368,140,MBP
739,2322,169,MBP
984,2297,225,MBP
912,2153,110,MBP
942,2249,144,MBP
744,2395,144,MBP
861,2117,90,MBP
931,2314,132,MBP
706,2205,121,MBP
677,2142,90,MBP
854,2304,121,MBP
735,2113,110,MBP
903,2209,80,MBP
830,2327,182,MBP
747,2255,180,MBP
963,2112,126,MBP
923,2103,117,MBP
636,2372,110,MBP
676,2107,120,MBP
577,2329,120,MBP
862,2272,130,MBP
883,2382,165,MBP
882,2281,140,MBP
762,2304,110,MBP
894,2170,100,MBP
514,2164,90,MBP
850,2193,169,MBP
565,2199,156,MBP
636,2389,182,MBP
848,2347,154,MBP
831,2255,180,hand-drawn
762,2205,84,hand-drawn
622,2126,143,hand-drawn
655,2151,110,hand-drawn
594,2260,110,hand-drawn
681,2262,144,hand-drawn
547,2274,100,hand-drawn
608,2361,63,hand-drawn
915,2279,169,hand-drawn
863,2252,99,hand-drawn
1150,2231,168,MBP
1055,2300,121,MBP
1026,2112,144,MBP
1129,2103,130,MBP
1135,2257,266,MBP
1479,2114,143,MBP
1232,2221,88,MBP
1339,2118,256,MBP
1077,2101,120,MBP
1210,2392,99,MBP
1266,2364,224,MBP
1265,2145,90,MBP
1093,2284,154,MBP
1184,2286,168,MBP
1409,2368,120,MBP
1151,2159,228,MBP
1059,2148,110,MBP
1334,2138,252,MBP
1460,2343,90,MBP
1382,2321,132,MBP
1124,2381,256,MBP
1332,2218,156,MBP
1377,2378,180,MBP
1301,2346,99,MBP
1422,2202,143,MBP
1013,2384,180,MBP
1239,2327,120,MBP
1003,2295,100,MBP
1048,2371,180,MBP
1320,2230,110,MBP
1237,2289,117,MBP
1040,2319,96,MBP
1296,2243,99,MBP
1033,2190,121,MBP
1196,2344,110,MBP
1390,2169,210,MBP
1155,2391,143,MBP
1220,2252,99,MBP
1002,2315,120,MBP
1251,2105,112,MBP
1405,2150,110,MBP
1111,2133,99,MBP
1256,2396,88,MBP
1330,2389,64,MBP
1452,2243,100,MBP
1095,2140,169,MBP
1472,2242,121,MBP
1013,2210,108,MBP
1365,2233,64,MBP
1026,2163,99,MBP
1055,2373,132,MBP
1363,2179,90,MBP
1089,2231,80,MBP
1036,2381,154,MBP
1319,2152,192,MBP
1079,2132,88,MBP
1430,2289,196,MBP
1287,2222,120,MBP
1289,2241,100,MBP
1205,2198,168,MBP
1483,2186,90,MBP
1438,2385,176,MBP
1376,2360,108,MBP
1306,2124,88,MBP
1021,2153,77,MBP
1041,2277,117,MBP
1299,2175,165,MBP
1227,2365,132,MBP
1224,2352,156,MBP
1252,2139,110,MBP
1223,2156,72,MBP
1439,2223,182,MBP
1188,2366,130,MBP
1426,2274,99,MBP
1187,2173,182,MBP
1366,2291,130,MBP
1020,2233,192,MBP
1354,2177,80,MBP
1018,2130,121,MBP
1034,2386,168,MBP
1014,2394,120,MBP
1430,2348,132,MBP
1407,2192,120,MBP
1075,2338,90,MBP
1218,2379,110,MBP
1400,2281,100,MBP
1110,2375,143,MBP
1218,2119,140,MBP
1088,2325,81,MBP
1195,2142,99,hand-drawn
1352,2140,91,hand-drawn
1139,2126,72,hand-drawn
1118,2118,70,hand-drawn
1191,2392,90,hand-drawn
1448,2380,70,hand-drawn
1453,2394,63,hand-drawn
1083,2372,90,hand-drawn
110,2678,117,MBP
493,2627,165,MBP
6,2554,144,MBP
242,2629,132,MBP
309,2496,216,MBP
436,2459,120,MBP
332,2654,168,MBP
337,2426,96,MBP
144,2609,120,MBP
470,2579,130,MBP
228,2649,260,MBP
31,2402,156,MBP
42,2567,110,MBP
243,2431,176,MBP
188,2663,192,MBP
49,2493,182,MBP
152,2653,120,MBP
133,2546,160,MBP
435,2509,110,MBP
122,2490,153,MBP
78,2497,117,MBP
388,2631,100,MBP
439,2642,196,MBP
374,2661,110,MBP
455,2686,180,MBP
266,2605,90,MBP
107,2618,108,MBP
214,2454,90,MBP
97,2695,99,MBP
81,2408,100,MBP
173,2582,100,MBP
65,2687,90,MBP
411,2510,120,MBP
75,2578,120,MBP
122,2455,121,MBP
209,2410,100,MBP
187,2592,180,MBP
269,2562,143,MBP
31,2597,225,MBP
215,2442,99,MBP
438,2691,88,MBP
287,2621,224,MBP
153,2672,140,MBP
481,2466,80,MBP
431,2569,90,MBP
223,2573,120,MBP
462,2599,143,MBP
468,2675,121,MBP
206,2524,132,MBP
457,2432,170,MBP
451,2492,156,MBP
416,2671,120,MBP
298,2660,143,MBP
341,2442,88,MBP
221,2409,120,MBP
142,2489,150,MBP
434,2669,90,MBP
251,2443,143,MBP
52,2469,90,MBP
414,2500,99,MBP
337,2547,156,MBP
106,2563,100,MBP
277,2474,108,MBP
3,2646,144,MBP
252,2666,84,MBP
339,2506,182,MBP
33,2662,112,MBP
70,2524,121,MBP
346,2555,130,MBP
139,2407,143,MBP
471,2662,154,MBP
400,2674,72,MBP
108,2414,120,MBP
114,2551,88,MBP
8,2694,88,MBP
319,2460,144,MBP
391,2614,210,MBP
109,2658,108,MBP
110,2479,77,MBP
184,2478,110,MBP
256,2683,154,hand-drawn
280,2692,63,hand-drawn
275,2678,90,hand-drawn
324,2685,88,hand-drawn
236,2654,110,hand-drawn
272,2642,63,hand-drawn
109,2692,120,hand-drawn
100,2666,90,hand-drawn
82,2640,110,hand-drawn
124,2653,80,hand-drawn
78,2622,120,hand-drawn
66,2639,130,hand-drawn
47,2626,108,hand-drawn
97,2601,72,hand-drawn
210,2560,88,hand-drawn
245,2555,154,hand-drawn
272,2502,64,hand-drawn
277,2460,143,hand-drawn
282,2454,96,hand-drawn
60,2485,180,hand-drawn
53,2478,56,hand-drawn
39,2485,80,hand-drawn
32,2428,120,hand-drawn
424,2438,156,hand-drawn
272,2454,64,hand-drawn
236,2459,63,hand-drawn
129,2417,64,hand-drawn
98,2466,90,hand-drawn
344,2456,56,hand-drawn
721,2419,390,MBP
918,2691,110,MBP
681,2687,154,MBP
568,2520,156,MBP
843,2461,378,MBP
599,2650,90,MBP
871,2440,110,MBP
632,2593,154,MBP
731,2474,100,MBP
693,2634,121,MBP
506,2680,136,MBP
666,2685,168,MBP
633,2457,198,MBP
735,2478,143,MBP
522,2612,187,MBP
793,2687,91,MBP
795,2500,180,MBP
963,2519,108,MBP
780,2453,80,MBP
677,2491,80,MBP
990,2570,160,MBP
741,2647,90,MBP
835,2604,240,MBP
734,2577,169,MBP
798,2519,156,MBP
970,2446,180,MBP
767,2416,196,MBP
516,2586,110,MBP
651,2506,132,MBP
541,2468,180,MBP
562,2594,132,MBP
910,2453,168,MBP
974,2502,120,MBP
951,2682,77,MBP
546,2419,120,MBP
866,2505,156,MBP
867,2677,144,MBP
775,2506,144,MBP
906,2623,100,MBP
660,2645,110,MBP
813,2657,80,MBP
627,2574,224,MBP
666,2630,143,MBP
662,2550,210,MBP
959,2571,88,MBP
624,2507,117,MBP
505,2410,84,MBP
501,2628,162,MBP
659,2670,99,MBP
950,2478,208,MBP
544,2688,90,MBP
709,2627,168,MBP
518,2462,240,MBP
685,2577,182,MBP
843,2540,168,MBP
647,2402,98,MBP
838,2418,144,MBP
828,2570,192,MBP
891,2650,143,MBP
590,2679,130,MBP
894,2532,168,MBP
650,2682,110,MBP
754,2661,110,MBP
934,2543,108,MBP
720,2608,100,MBP
917,2519,99,MBP
527,2565,108,MBP
684,2566,144,MBP
865,2412,156,MBP
795,2672,130,MBP
827,2542,110,MBP
553,2570,168,MBP
633,2647,90,MBP
721,2507,108,MBP
896,2409,80,MBP
778,2660,99,MBP
791,2584,180,MBP
711,2477,90,MBP
672,2580,130,MBP
576,2444,196,MBP
934,2591,88,MBP
928,2408,143,MBP
712,2614,143,MBP
789,2448,80,MBP
654,2420,121,hand-drawn
766,2403,64,hand-drawn
781,2402,70,hand-drawn
556,2634,154,hand-drawn
550,2625,140,hand-drawn
537,2674,108,hand-drawn
525,2689,105,hand-drawn
944,2674,72,hand-drawn
1035,2503,121,MBP
1129,2500,196,MBP
1447,2642,143,MBP
1143,2431,130,MBP
1260,2682,143,MBP
1384,2445,192,MBP
1120,2533,182,MBP
1059,2416,204,MBP
1224,2526,195,MBP
1404,2407,110,MBP
1033,2535,187,MBP
1120,2610,192,MBP
1282,2441,132,MBP
1394,2689,132,MBP
1286,2628,196,MBP
1067,2619,140,MBP
1098,2545,140,MBP
1327,2436,132,MBP
1437,2591,132,MBP
1187,2642,100,MBP
1460,2431,153,MBP
1186,2462,180,MBP
1169,2593,156,MBP
1437,2530,306,MBP
1349,2650,110,MBP
1063,2438,72,MBP
1239,2528,238,MBP
1008,2606,143,MBP
1334,2503,110,MBP
1101,2403,156,MBP
1012,2479,130,MBP
1347,2564,144,MBP
1436,2575,110,MBP
1369,2570,132,MBP
1348,2589,80,MBP
1049,2613,110,MBP
1255,2602,132,MBP
1028,2560,96,MBP
1239,2508,165,MBP
1300,2568,110,MBP
1010,2489,132,MBP
1232,2557,180,MBP
1392,2528,169,MBP
1090,2690,80,MBP
1137,2596,156,MBP
1328,2696,72,MBP
1376,2655,196,MBP
1412,2466,195,MBP
1015,2420,198,MBP
1150,2650,143,MBP
1325,2632,81,MBP
1397,2573,208,MBP
1394,2538,99,MBP
1415,2555,132,MBP
1149,2411,99,MBP
1235,2418,90,MBP
1265,2582,156,MBP
1088,2488,99,MBP
1448,2583,110,MBP
1429,2648,121,MBP
1486,2468,132,MBP
1119,2671,209,hand-drawn
1084,2650,80,hand-drawn
1067,2645,99,hand-drawn
1142,2531,126,hand-drawn
1234,2581,130,hand-drawn
1402,2630,117,hand-drawn
1325,2658,156,hand-drawn
1206,2687,108,hand-drawn
1419,2502,165,hand-drawn
1394,2592,165,hand-drawn
1414,2576,120,hand-drawn
1466,2663,81,hand-drawn
1476,2669,56,hand-drawn
1430,2673,64,hand-drawn
1297,2419,72,hand-drawn
1308,2420,132,hand-drawn
1438,2454,132,hand-drawn
1421,2438,108,hand-drawn
1453,2406,70,hand-drawn
1487,2448,110,hand-drawn
1440,2435,72,hand-drawn
1226,2459,120,hand-drawn
1131,2442,90,hand-drawn
1134,2424,99,hand-drawn
1040,2473,90,hand-drawn
1115,2586,81,hand-drawn
1122,2654,64,hand-drawn
1027,2517,63,hand-drawn
1020,2508,56,hand-drawn
1019,2522,56,hand-drawn
1309,2449,108,hand-drawn
1257,2427,90,hand-drawn
1244,2430,90,hand-drawn
383,2988,90,MBP
346,2968,140,MBP
384,2840,144,MBP
362,2800,80,MBP
466,2960,63,MBP
87,2791,108,MBP
119,2879,132,MBP
223,2801,180,MBP
477,2705,90,MBP
77,2731,143,MBP
331,2808,144,MBP
221,2853,121,MBP
483,2881,110,MBP
467,2888,204,MBP
279,2747,289,MBP
428,2702,110,MBP
248,2966,216,MBP
200,2837,234,MBP
37,2959,96,MBP
385,2746,182,MBP
330,2751,96,MBP
78,2950,121,MBP
364,2974,180,MBP
77,2801,96,MBP
190,2992,150,MBP
454,2909,130,MBP
306,2763,108,MBP
157,2771,88,MBP
377,2929,77,MBP
496,2821,121,MBP
80,2970,77,MBP
188,2760,154,MBP
145,2944,225,MBP
146,2840,168,MBP
49,2970,294,MBP
460,2816,156,MBP
446,2953,154,MBP
304,2972,187,MBP
310,2909,117,MBP
413,2854,132,MBP
41,2718,110,MBP
387,2916,72,MBP
99,2755,121,MBP
414,2937,182,MBP
424,2854,132,MBP
161,2826,56,MBP
306,2949,108,MBP
308,2990,100,MBP
29,2984,143,MBP
49,2799,96,MBP
124,2802,182,MBP
302,2800,108,MBP
223,2969,110,MBP
390,2770,70,MBP
124,2783,108,MBP
50,2897,99,MBP
456,2970,120,MBP
26,2838,140,MBP
142,2754,195,MBP
220,2795,150,MBP
191,2927,81,MBP
454,2849,120,MBP
264,2954,144,MBP
112,2809,168,MBP
350,2777,70,MBP
265,2988,84,MBP
14,2803,110,MBP
237,2770,152,MBP
317,2726,176,MBP
442,2991,80,MBP
336,2938,182,MBP
266,2910,176,MBP
88,2986,108,MBP
136,2959,81,MBP
457,2936,90,MBP
271,2925,180,MBP
77,2746,72,MBP
452,2771,88,MBP
393,2976,90,MBP
413,2781,81,MBP
288,2782,70,MBP
267,2937,117,MBP
161,2915,99,MBP
216,2819,192,MBP
252,2899,110,MBP
66,2836,70,MBP
31,2924,108,MBP
75,2928,96,MBP
264,2703,90,MBP
269,2805,88,MBP
197,2961,88,MBP
436,2926,120,MBP
395,2720,144,MBP
482,2760,117,MBP
403,2962,96,MBP
112,2869,80,MBP
212,2893,120,MBP
18,2768,128,MBP
90,2928,130,MBP
284,2733,112,MBP
328,2890,100,MBP
242,2750,143,MBP
121,2793,108,MBP
2,2796,96,MBP
1,2869,130,MBP
345,2861,117,MBP
121,2855,99,MBP
120,2926,112,MBP
37,2742,144,MBP
292,2980,70,MBP
83,2885,160,MBP
26,2980,99,MBP
144,2891,132,MBP
59,2872,110,MBP
219,2780,84,MBP
208,2871,110,MBP
129,2950,80,MBP
278,2838,81,MBP
59,2899,99,MBP
419,2791,169,MBP
158,2710,182,MBP
15,2929,140,MBP
78,2739,88,MBP
123,2929,150,MBP
248,2717,80,MBP
284,2887,168,MBP
342,2925,99,MBP
243,2874,108,MBP
416,2915,72,MBP
281,2810,96,MBP
158,2787,154,MBP
374,2886,60,MBP
51,2794,140,MBP
289,2704,121,MBP
334,2793,70,MBP
290,2846,121,MBP
272,2821,84,MBP
114,2882,90,hand-drawn
100,2881,72,hand-drawn
45,2898,81,hand-drawn
14,2871,49,hand-drawn
26,2871,36,hand-drawn
30,2877,42,hand-drawn
43,2873,88,hand-drawn
9,2828,90,hand-drawn
315,2925,49,hand-drawn
322,2923,64,hand-drawn
232,2735,90,hand-drawn
477,2821,72,hand-drawn
493,2863,49,hand-drawn
444,2828,56,hand-drawn
330,2851,99,hand-drawn
290,2827,70,hand-drawn
180,2743,64,hand-drawn
198,2767,56,hand-drawn
200,2779,42,hand-drawn
573,2967,108,MBP
545,2967,180,MBP
730,2747,238,MBP
703,2966,81,MBP
933,2800,156,MBP
967,2891,168,MBP
706,2986,120,MBP
958,2972,165,MBP
594,2892,182,MBP
860,2944,143,MBP
509,2875,132,MBP
745,2926,180,MBP
906,2888,208,MBP
667,2968,180,MBP
750,2858,208,MBP
638,2910,50,MBP
956,2990,143,MBP
764,2765,96,MBP
803,2760,144,MBP
881,2925,156,MBP
542,2772,289,MBP
980,2946,224,MBP
650,2854,100,MBP
803,2995,110,MBP
866,2757,90,MBP
962,2817,208,MBP
568,2930,132,MBP
730,2902,110,MBP
534,2924,182,MBP
950,2728,195,MBP
918,2981,99,MBP
734,2886,117,MBP
711,2946,110,MBP
623,2720,143,MBP
801,2862,210,MBP
638,2955,81,MBP
620,2956,120,MBP
569,2784,180,MBP
513,2926,96,MBP
695,2707,108,MBP
897,2788,135,MBP
603,2773,99,MBP
645,2738,121,MBP
869,2734,143,MBP
664,2805,90,MBP
800,2894,80,MBP
905,2924,121,MBP
510,2920,90,MBP
821,2917,64,MBP
896,2820,169,MBP
693,2923,88,MBP
923,2819,132,MBP
521,2814,117,MBP
981,2858,156,MBP
882,2955,90,MBP
712,2772,238,MBP
994,2742,99,MBP
838,2965,90,MBP
581,2963,154,MBP
771,2742,70,MBP
817,2802,90,MBP
855,2733,88,MBP
873,2888,144,MBP
886,2971,126,MBP
618,2867,77,MBP
557,2832,121,MBP
567,2810,77,MBP
803,2885,121,MBP
733,2853,132,MBP
592,2948,84,MBP
504,2823,84,MBP
632,2735,110,MBP
972,2711,165,MBP
797,2848,72,MBP
509,2733,154,MBP
506,2958,120,MBP
593,2821,128,MBP
739,2994,91,MBP
818,2750,80,MBP
670,2747,140,MBP
970,2968,121,hand-drawn
808,2943,99,hand-drawn
808,2931,77,hand-drawn
659,2943,153,hand-drawn
558,2899,135,hand-drawn
630,2872,81,hand-drawn
641,2892,88,hand-drawn
670,2861,153,hand-drawn
614,2795,121,hand-drawn
600,2775,90,hand-drawn
653,2734,100,hand-drawn
648,2723,100,hand-drawn
844,2769,81,hand-drawn
874,2794,99,hand-drawn
883,2749,64,hand-drawn
936,2740,130,hand-drawn
953,2844,130,hand-drawn
503,2764,132,hand-drawn
813,2713,72,hand-drawn
923,2747,100,hand-drawn
968,2753,90,hand-drawn
545,2947,81,hand-drawn
681,2807,36,hand-drawn
585,2763,49,hand-drawn
607,2717,63,hand-drawn
761,2906,99,hand-drawn
773,2889,72,hand-drawn
994,2882,77,hand-drawn
951,2705,54,hand-drawn
723,2930,72,hand-drawn
937,2934,64,hand-drawn
1108,2863,168,MBP
1063,2768,208,MBP
1117,2715,240,MBP
1134,2929,154,MBP
1278,2894,108,MBP
1395,2962,176,MBP
1406,2996,100,MBP
1121,2818,80,MBP
1066,2936,156,MBP
1009,2843,99,MBP
1186,2937,168,MBP
1376,2929,210,MBP
1015,2758,110,MBP
1197,2927,143,MBP
1312,2744,238,MBP
1333,2976,196,MBP
1179,2871,182,MBP
1105,2969,90,MBP
1479,2830,144,MBP
1006,2711,168,MBP
1077,2892,72,MBP
1488,2710,110,MBP
1145,2945,99,MBP
1020,2914,143,MBP
1414,2948,100,MBP
1387,2720,88,MBP
1454,2955,81,MBP
1430,2932,143,MBP
1404,2983,121,MBP
1063,2857,126,MBP
1124,2898,121,MBP
1195,2750,120,MBP
1354,2852,154,MBP
1419,2837,126,MBP
1181,2850,104,MBP
1299,2855,154,MBP
1360,2893,156,MBP
1412,2851,180,MBP
1207,2965,132,MBP
1234,2708,120,MBP
1295,2894,110,MBP
1294,2786,99,MBP
1295,2883,80,MBP
1296,2705,132,MBP
1096,2991,84,MBP
1353,2815,140,MBP
1386,2990,132,MBP
1162,2927,99,MBP
1354,2753,99,MBP
1380,2770,120,MBP
1126,2983,156,MBP
1082,2972,88,MBP
1094,2989,112,MBP
1104,2927,99,MBP
1367,2798,90,MBP
1384,2854,143,MBP
1469,2896,90,MBP
1145,2713,294,MBP
1148,2781,195,MBP
1479,2873,72,MBP
1036,2886,108,MBP
1181,2771,132,MBP
1287,2720,132,MBP
1288,2753,110,MBP
1218,2750,210,MBP
1451,2846,272,MBP
1174,2786,126,MBP
1432,2856,196,MBP
1414,2710,110,MBP
1265,2711,224,MBP
1101,2830,100,MBP
1267,2830,225,MBP
1479,2932,224,hand-drawn
1209,2984,154,hand-drawn
1189,2986,121,hand-drawn
1265,2956,121,hand-drawn
1256,2967,64,hand-drawn
1243,2986,48,hand-drawn
1308,2917,130,hand-drawn
1331,2908,154,hand-drawn
1260,2887,169,hand-drawn
1237,2844,195,hand-drawn
1259,2776,90,hand-drawn
1230,2803,99,hand-drawn
1145,2758,156,hand-drawn
1054,2939,130,hand-drawn
1002,2815,56,hand-drawn
1187,2716,132,hand-drawn
1162,2757,99,hand-drawn
1352,2711,100,hand-drawn
1406,2721,63,hand-drawn
1055,2866,81,hand-drawn
1032,2882,90,hand-drawn
1024,2857,56,hand-drawn
1201,2844,72,hand-drawn
1475,2948,110,hand-drawn
1487,2908,80,hand-drawn
1472,2905,56,hand-drawn
1443,2706,112,hand-drawn
1273,2778,132,hand-drawn
1231,2888,72,hand-drawn
1161,2821,63,hand-drawn
1117,2942,63,hand-drawn
1016,2991,100,hand-drawn
1417,2843,104,hand-drawn
1435,2832,81,hand-drawn
1127,2804,72,hand-drawn
1321,2707,80,hand-drawn
1302,2848,108,hand-drawn
1081,2780,64,hand-drawn
1095,2757,96,hand-drawn
1195,2949,90,hand-drawn
19,3208,182,MBP
6,3185,176,MBP
151,3227,120,MBP
475,3041,99,MBP
115,3184,130,MBP
54,3074,168,MBP
126,3248,100,MBP
73,3264,144,MBP
448,3085,117,MBP
216,3042,63,MBP
458,3017,154,MBP
462,3138,132,MBP
115,3184,108,MBP
332,3214,90,MBP
89,3228,88,MBP
83,3067,96,MBP
343,3248,266,MBP
410,3001,156,MBP
63,3113,330,MBP
357,3274,99,MBP
24,3056,144,MBP
381,3171,154,MBP
50,3035,132,MBP
86,3020,99,MBP
413,3261,120,MBP
143,3186,56,MBP
63,3176,224,MBP
318,3029,208,MBP
254,3259,240,MBP
479,3206,100,MBP
300,3264,96,MBP
349,3102,108,MBP
226,3214,99,MBP
50,3277,195,MBP
367,3216,140,MBP
105,3185,96,MBP
84,3124,99,MBP
463,3258,96,MBP
164,3078,90,MBP
296,3114,100,MBP
174,3232,88,MBP
367,3050,63,MBP
434,3033,72,MBP
158,3155,120,MBP
373,3296,132,MBP
160,3197,156,MBP
410,3246,90,MBP
458,3187,108,MBP
128,3072,90,MBP
235,3242,81,MBP
445,3176,90,MBP
301,3166,120,MBP
478,3011,140,MBP
353,3136,99,MBP
317,3078,99,MBP
407,3162,130,MBP
350,3014,88,MBP
207,3001,105,MBP
170,3140,120,MBP
221,3103,88,MBP
210,3171,156,MBP
232,3044,64,MBP
439,3071,80,MBP
260,3027,154,MBP
384,3032,99,MBP
118,3088,180,MBP
456,3117,104,MBP
441,3253,88,MBP
499,3155,55,MBP
225,3011,96,MBP
227,3163,117,MBP
390,3095,121,MBP
355,3155,192,MBP
120,3045,84,MBP
405,3273,99,MBP
256,3069,112,MBP
172,3041,96,MBP
205,3130,130,MBP
283,3090,63,MBP
168,3116,121,MBP
467,3235,168,MBP
384,3142,121,MBP
375,3111,81,MBP
404,3291,108,MBP
265,3121,100,MBP
464,3062,77,MBP
407,3071,208,MBP
245,3108,144,MBP
192,3008,135,MBP
208,3120,99,MBP
172,3026,108,MBP
495,3178,80,MBP
124,3050,156,MBP
425,3144,88,MBP
469,3054,63,MBP
199,3163,120,MBP
445,3042,108,MBP
425,3096,63,MBP
61,3164,110,MBP
333,3056,88,MBP
419,3035,196,MBP
429,3113,77,MBP
186,3167,99,MBP
31,3235,99,MBP
391,3155,120,MBP
248,3290,150,MBP
99,3149,117,MBP
284,3239,180,MBP
365,3233,168,hand-drawn
287,3262,112,hand-drawn
108,3256,72,hand-drawn
104,3242,64,hand-drawn
140,3228,90,hand-drawn
85,3154,91,hand-drawn
108,3031,90,hand-drawn
298,3047,81,hand-drawn
394,3043,49,hand-drawn
359,3058,72,hand-drawn
483,3214,98,hand-drawn
446,3261,72,hand-drawn
475,3257,77,hand-drawn
308,3126,72,hand-drawn
143,3027,56,hand-drawn
140,3013,54,hand-drawn
192,3037,56,hand-drawn
230,3114,54,hand-drawn
243,3119,99,hand-drawn
223,3110,56,hand-drawn
70,3075,72,hand-drawn
630,3036,168,MBP
696,3185,140,MBP
594,3002,143,MBP
599,3271,165,MBP
557,3200,195,MBP
564,3102,195,MBP
854,3196,88,MBP
896,3160,121,MBP
851,3013,180,MBP
526,3162,168,MBP
650,3151,130,MBP
694,3148,99,MBP
643,3023,110,MBP
926,3163,154,MBP
793,3167,110,MBP
675,3213,121,MBP
830,3252,168,MBP
505,3114,98,MBP
700,3087,110,MBP
840,3231,110,MBP
600,3268,182,MBP
757,3100,96,MBP
979,3107,135,MBP
816,3068,110,MBP
941,3233,256,MBP
799,3140,132,MBP
889,3188,160,MBP
840,3035,180,MBP
711,3240,110,MBP
674,3219,90,MBP
807,3264,143,MBP
969,3166,132,MBP
681,3115,99,MBP
554,3180,90,MBP
783,3205,110,MBP
541,3154,81,MBP
648,3171,121,MBP
698,3164,72,MBP
637,3266,96,MBP
643,3293,108,MBP
685,3294,143,MBP
919,3140,99,MBP
913,3070,96,MBP
969,3135,154,MBP
511,3219,99,MBP
905,3282,132,MBP
588,3161,144,MBP
985,3261,160,MBP
530,3214,121,MBP
809,3181,80,MBP
613,3292,108,MBP
572,3173,90,MBP
811,3286,70,MBP
880,3230,143,MBP
981,3073,120,MBP
895,3117,99,MBP
818,3091,208,MBP
916,3092,99,MBP
675,3278,108,MBP
553,3005,132,MBP
666,3070,88,MBP
750,3137,132,MBP
613,3266,120,MBP
615,3071,130,MBP
875,3046,225,MBP
552,3236,120,MBP
743,3263,90,MBP
970,3154,84,MBP
701,3264,99,MBP
808,3055,90,MBP
876,3207,130,MBP
567,3184,90,MBP
955,3147,168,MBP
502,3276,108,MBP
810,3045,81,MBP
870,3173,99,MBP
625,3196,120,MBP
530,3283,154,MBP
657,3134,100,MBP
638,3091,156,MBP
733,3215,169,MBP
732,3152,143,MBP
560,3150,99,MBP
650,3242,81,MBP
923,3083,99,MBP
507,3148,108,MBP
916,3032,180,MBP
737,3059,154,MBP
739,3083,132,MBP
613,3141,169,MBP
581,3180,100,MBP
919,3105,80,MBP
675,3036,121,MBP
896,3209,80,MBP
871,3148,130,MBP
703,3279,132,MBP
548,3257,135,MBP
762,3039,143,MBP
784,3110,130,MBP
679,3125,117,MBP
916,3012,100,MBP
538,3055,108,MBP
971,3195,81,MBP
537,3075,192,MBP
758,3145,110,MBP
964,3089,96,MBP
700,3040,88,MBP
577,3027,168,MBP
701,3032,100,MBP
948,3024,240,MBP
683,3066,88,MBP
612,3019,108,MBP
602,3066,100,MBP
778,3233,110,MBP
755,3222,84,MBP
632,3248,110,hand-drawn
664,3182,120,hand-drawn
581,3061,132,hand-drawn
733,3037,143,hand-drawn
865,3070,64,hand-drawn
882,3110,120,hand-drawn
939,3098,81,hand-drawn
962,3219,80,hand-drawn
965,3240,49,hand-drawn
871,3278,80,hand-drawn
803,3249,72,hand-drawn
938,3183,56,hand-drawn
947,3206,70,hand-drawn
764,3184,63,hand-drawn
822,3150,99,hand-drawn
606,3165,77,hand-drawn
756,3058,88,hand-drawn
1396,3288,165,MBP
1286,3191,216,MBP
1466,3135,120,MBP
1391,3150,270,MBP
1054,3248,120,MBP
1200,3288,90,MBP
1145,3164,280,MBP
1281,3144,195,MBP
1187,3155,132,MBP
1443,3068,130,MBP
1399,3203,140,MBP
1382,3178,99,MBP
1172,3169,154,MBP
1235,3222,144,MBP
1280,3291,140,MBP
1064,3171,120,MBP
1417,3205,91,MBP
1221,3201,120,MBP
1252,3235,169,MBP
1416,3050,126,MBP
1017,3121,143,MBP
1062,3205,120,MBP
1474,3237,120,MBP
1396,3237,182,MBP
1009,3107,132,MBP
1169,3191,144,MBP
1246,3195,168,MBP
1287,3033,104,MBP
1494,3268,108,MBP
1217,3233,169,MBP
1111,3195,234,MBP
1353,3178,156,MBP
1461,3090,80,MBP
1317,3037,108,MBP
1362,3110,240,MBP
1033,3199,143,MBP
1118,3286,121,MBP
1249,3110,182,MBP
1394,3130,88,MBP
1439,3156,210,MBP
1330,3014,99,MBP
1463,3171,132,MBP
1457,3217,156,MBP
1086,3002,110,MBP
1344,3267,143,MBP
1237,3170,110,MBP
1251,3148,225,MBP
1351,3190,80,MBP
1091,3193,90,MBP
1471,3095,165,MBP
1346,3130,108,MBP
1112,3253,70,MBP
1274,3195,180,MBP
1260,3253,121,MBP
1001,3245,126,MBP
1015,3160,96,MBP
1161,3032,99,MBP
1263,3102,70,MBP
1486,3090,120,MBP
1386,3263,165,MBP
1262,3016,117,MBP
1114,3089,180,MBP
1025,3015,156,MBP
1319,3067,180,MBP
1042,3037,135,MBP
1311,3127,170,MBP
1347,3224,99,MBP
1047,3020,110,MBP
1090,3070,200,MBP
1340,3096,117,MBP
1492,3119,130,MBP
1314,3092,192,MBP
1283,3282,132,MBP
1353,3234,90,MBP
1163,3241,120,MBP
1471,3096,240,MBP
1157,3137,81,MBP
1138,3232,108,MBP
1146,3199,132,MBP
1005,3117,140,MBP
1059,3286,96,MBP
1357,3012,120,MBP
1071,3055,90,MBP
1030,3087,180,MBP
1161,3032,80,MBP
1470,3032,196,MBP
1295,3164,160,MBP
1201,3097,100,MBP
1476,3041,88,MBP
1273,3129,165,MBP
1147,3089,117,hand-drawn
1168,3060,117,hand-drawn
1203,3236,143,hand-drawn
1444,3290,108,hand-drawn
1340,3249,195,hand-drawn
1268,3156,90,hand-drawn
1164,3283,80,hand-drawn
1283,3110,100,hand-drawn
1498,3027,110,hand-drawn
324,3579,130,MBP
130,3503,169,MBP
49,3532,216,MBP
297,3534,120,MBP
233,3595,96,MBP
312,3416,210,MBP
368,3522,176,MBP
18,3419,117,MBP
472,3584,120,MBP
476,3538,169,MBP
393,3320,210,MBP
404,3579,120,MBP
419,3311,90,MBP
450,3400,143,MBP
65,3455,156,MBP
72,3557,210,MBP
409,3395,110,MBP
215,3552,182,MBP
150,3361,90,MBP
203,3540,121,MBP
94,3579,135,MBP
316,3305,165,MBP
180,3593,91,MBP
68,3314,88,MBP
198,3338,196,MBP
262,3386,60,MBP
55,3503,104,MBP
133,3526,90,MBP
40,3480,154,MBP
276,3369,208,MBP
128,3437,168,MBP
347,3464,132,MBP
277,3316,72,MBP
488,3414,198,MBP
249,3547,132,MBP
184,3405,196,MBP
170,3309,121,MBP
422,3481,120,MBP
250,3480,150,MBP
491,3593,80,MBP
79,3468,132,MBP
102,3347,121,MBP
2,3570,104,MBP
105,3506,144,MBP
463,3343,108,MBP
295,3475,132,MBP
70,3515,112,MBP
438,3490,120,MBP
202,3445,154,MBP
62,3369,132,MBP
49,3448,144,MBP
7,3311,153,MBP
121,3409,132,MBP
188,3484,240,MBP
32,3509,168,MBP
124,3445,99,MBP
358,3555,120,MBP
217,3525,90,MBP
316,3515,110,MBP
144,3326,120,MBP
254,3411,121,MBP
171,3309,99,MBP
68,3408,63,MBP
434,3436,143,MBP
299,3557,104,MBP
493,3351,220,MBP
425,3357,192,MBP
162,3445,196,MBP
365,3487,100,MBP
204,3356,117,MBP
255,3524,99,MBP
292,3419,169,MBP
343,3382,168,MBP
1,3438,132,MBP
15,3579,224,MBP
161,3565,130,MBP
259,3426,144,MBP
126,3305,108,MBP
110,3460,132,MBP
104,3403,90,MBP
375,3444,110,MBP
338,3490,90,MBP
373,3366,143,MBP
293,3443,144,MBP
249,3449,72,hand-drawn
230,3447,90,hand-drawn
242,3462,49,hand-drawn
437,3339,80,hand-drawn
491,3322,130,hand-drawn
487,3311,110,hand-drawn
99,3455,88,hand-drawn
84,3455,42,hand-drawn
94,3440,88,hand-drawn
405,3436,56,hand-drawn
693,3374,80,MBP
512,3465,154,MBP
682,3518,140,MBP
610,3568,99,MBP
524,3423,210,MBP
759,3490,100,MBP
960,3455,121,MBP
736,3591,150,MBP
763,3347,104,MBP
855,3367,110,MBP
844,3573,252,MBP
922,3445,120,MBP
952,3463,130,MBP
904,3587,120,MBP
709,3472,156,MBP
870,3572,88,MBP
892,3467,81,MBP
861,3549,144,MBP
595,3591,130,MBP
994,3529,221,MBP
804,3511,100,MBP
566,3382,280,MBP
515,3399,154,MBP
513,3505,156,MBP
899,3329,192,MBP
861,3392,165,MBP
634,3488,176,MBP
664,3560,182,MBP
969,3547,88,MBP
807,3569,143,MBP
858,3314,264,MBP
652,3406,140,MBP
939,3473,88,MBP
517,3488,169,MBP
652,3361,90,MBP
827,3309,90,MBP
781,3481,100,MBP
892,3411,130,MBP
960,3399,56,MBP
998,3378,120,MBP
624,3376,100,MBP
679,3315,108,MBP
544,3496,88,MBP
976,3591,80,MBP
817,3427,156,MBP
928,3587,169,MBP
714,3506,90,MBP
772,3334,156,MBP
845,3406,99,MBP
593,3427,110,MBP
929,3375,90,MBP
560,3471,208,MBP
811,3316,208,MBP
884,3371,120,MBP
659,3574,182,MBP
628,3312,121,MBP
613,3474,143,MBP
904,3424,80,MBP
950,3347,96,MBP
633,3375,90,MBP
519,3311,81,MBP
802,3471,180,MBP
507,3598,80,MBP
723,3401,120,MBP
905,3384,88,MBP
986,3328,121,MBP
661,3317,180,MBP
599,3530,90,MBP
814,3550,108,MBP
627,3518,110,MBP
550,3458,72,MBP
996,3400,130,MBP
865,3421,104,MBP
723,3562,132,MBP
922,3422,140,MBP
876,3488,132,MBP
977,3440,135,MBP
665,3443,195,MBP
637,3545,143,MBP
710,3413,88,MBP
660,3485,100,MBP
503,3335,105,MBP
566,3340,120,MBP
639,3526,120,MBP
584,3374,112,MBP
924,3363,126,MBP
792,3432,120,MBP
873,3591,80,MBP
608,3404,84,MBP
604,3466,99,MBP
736,3492,195,MBP
810,3444,108,MBP
683,3326,140,MBP
711,3547,77,MBP
760,3468,132,MBP
693,3544,110,MBP
548,3457,80,MBP
990,3557,72,hand-drawn
840,3468,90,hand-drawn
750,3374,120,hand-drawn
736,3374,90,hand-drawn
754,3391,77,hand-drawn
746,3418,54,hand-drawn
599,3332,81,hand-drawn
619,3514,49,hand-drawn
844,3480,48,hand-drawn
800,3415,77,hand-drawn
1032,3532,120,MBP
1201,3363,210,MBP
1098,3311,117,MBP
1064,3472,144,MBP
1223,3529,110,MBP
1442,3317,182,MBP
1198,3467,130,MBP
1344,3356,272,MBP
1161,3554,220,MBP
1240,3419,108,MBP
1480,3397,195,MBP
1475,3416,72,MBP
1460,3358,110,MBP
1387,3366,88,MBP
1004,3521,192,MBP
1064,3506,110,MBP
1292,3416,96,MBP
1420,3307,110,MBP
1255,3494,110,MBP
1365,3468,238,MBP
1333,3548,99,MBP
1403,3429,99,MBP
1123,3346,228,MBP
1284,3346,252,MBP
1378,3350,99,MBP
1138,3324,182,MBP
1415,3378,144,MBP
1151,3567,99,MBP
1205,3410,144,MBP
1006,3476,156,MBP
1385,3539,182,MBP
1083,3425,77,MBP
1233,3301,238,MBP
1115,3400,156,MBP
1313,3463,99,MBP
1019,3562,169,MBP
1096,3503,88,MBP
1153,3361,84,MBP
1243,3348,154,MBP
1492,3358,154,MBP
1451,3496,231,MBP
1405,3413,99,MBP
1265,3432,132,MBP
1340,3513,110,MBP
1258,3394,104,MBP
1262,3307,130,MBP
1191,3419,88,MBP
1117,3372,88,MBP
1090,3450,168,MBP
1443,3452,120,MBP
1152,3442,110,MBP
1455,3545,208,MBP
1492,3549,132,MBP
1184,3587,216,MBP
1006,3455,80,MBP
1151,3515,143,MBP
1069,3535,180,MBP
1252,3419,126,MBP
1410,3472,110,MBP
1413,3491,108,MBP
1224,3549,80,MBP
1497,3415,108,MBP
1127,3355,108,MBP
1289,3397,99,MBP
1316,3421,180,MBP
1236,3399,182,MBP
1098,3407,99,MBP
1436,3455,117,MBP
1038,3374,195,MBP
1147,3403,100,MBP
1254,3515,80,MBP
1277,3570,99,MBP
1179,3347,195,MBP
1239,3453,210,MBP
1245,3556,132,MBP
1092,3577,110,MBP
1349,3327,99,MBP
1432,3360,126,MBP
1252,3535,90,MBP
1491,3581,72,MBP
1467,3521,100,MBP
1402,3522,121,MBP
1199,3559,130,MBP
1402,3307,110,MBP
1178,3425,120,MBP
1287,3333,110,MBP
1215,3588,110,MBP
1130,3487,81,MBP
1427,3334,80,MBP
1336,3560,150,MBP
1284,3346,132,MBP
1238,3373,121,MBP
1214,3349,99,MBP
1158,3460,81,MBP
1479,3542,84,MBP
1293,3301,168,MBP
1381,3434,126,MBP
1045,3525,121,MBP
1346,3376,72,MBP
1036,3516,192,MBP
1384,3398,108,hand-drawn
1173,3392,72,hand-drawn
1037,3361,110,hand-drawn
1055,3328,77,hand-drawn
1192,3511,64,hand-drawn
1180,3506,49,hand-drawn
1172,3521,72,hand-drawn
1220,3476,63,hand-drawn
1225,3451,81,hand-drawn
1146,3557,63,hand-drawn
1100,3561,80,hand-drawn
1081,3581,99,hand-drawn
1334,3462,150,hand-drawn
1154,3389,80,hand-drawn
1161,3413,63,hand-drawn
1001,3334,90,hand-drawn
1002,3323,64,hand-drawn
1374,3317,99,hand-drawn
1477,3584,72,hand-drawn
448,3759,200,MBP
443,3792,117,MBP
303,3710,168,MBP
132,3762,192,MBP
67,3605,130,MBP
79,3636,130,MBP
281,3833,130,MBP
224,3658,110,MBP
345,3862,100,MBP
302,3847,182,MBP
385,3707,143,MBP
69,3705,110,MBP
261,3642,143,MBP
458,3656,154,MBP
82,3748,120,MBP
344,3842,240,MBP
40,3661,96,MBP
162,3880,110,MBP
306,3785,255,MBP
200,3888,110,MBP
432,3713,132,MBP
424,3857,180,MBP
15,3691,96,MBP
168,3741,154,MBP
24,3799,256,MBP
496,3711,120,MBP
74,3619,90,MBP
35,3677,204,MBP
371,3820,208,MBP
367,3758,120,MBP
118,3857,143,MBP
32,3611,121,MBP
372,3746,88,MBP
363,3832,99,MBP
207,3792,270,MBP
137,3721,110,MBP
290,3611,132,MBP
228,3731,252,MBP
118,3644,256,MBP
426,3614,210,MBP
308,3748,121,MBP
217,3752,99,MBP
399,3775,108,MBP
305,3816,120,MBP
96,3713,156,MBP
146,3660,169,MBP
223,3681,110,MBP
1,3720,204,MBP
418,3875,130,MBP
27,3638,110,MBP
468,3689,120,MBP
379,3889,154,MBP
257,3849,99,MBP
132,3761,182,MBP
102,3743,70,MBP
209,3840,192,MBP
482,3799,196,MBP
122,3821,120,MBP
234,3673,144,MBP
434,3666,165,MBP
450,3897,84,MBP
329,3719,120,MBP
191,3610,144,MBP
58,3648,99,MBP
57,3657,96,MBP
379,3677,156,MBP
488,3675,117,MBP
125,3861,108,MBP
322,3736,90,MBP
216,3696,110,MBP
52,3861,256,MBP
408,3742,121,MBP
105,3817,143,MBP
221,3863,169,MBP
137,3742,182,MBP
491,3812,63,MBP
356,3667,90,MBP
423,3695,210,MBP
137,3655,110,MBP
7,3884,117,MBP
469,3618,120,MBP
318,3866,121,MBP
405,3667,90,MBP
137,3809,204,MBP
307,3668,121,MBP
283,3769,143,MBP
260,3700,154,MBP
432,3677,121,MBP
453,3772,99,MBP
60,3653,100,MBP
483,3605,105,MBP
78,3860,104,MBP
367,3807,165,MBP
30,3725,165,MBP
261,3684,110,MBP
422,3735,120,hand-drawn
410,3733,70,hand-drawn
279,3750,81,hand-drawn
236,3825,48,hand-drawn
226,3812,70,hand-drawn
236,3836,64,hand-drawn
259,3715,90,hand-drawn
121,3741,72,hand-drawn
409,3793,90,hand-drawn
980,3760,112,MBP
600,3850,182,MBP
690,3783,121,MBP
963,3836,140,MBP
596,3630,195,MBP
672,3853,100,MBP
893,3646,110,MBP
748,3830,90,MBP
772,3897,187,MBP
978,3728,110,MBP
568,3879,132,MBP
982,3673,176,MBP
950,3787,90,MBP
661,3799,132,MBP
531,3732,144,MBP
891,3842,156,MBP
554,3817,110,MBP
714,3778,100,MBP
696,3737,120,MBP
785,3603,143,MBP
639,3820,126,MBP
970,3729,81,MBP
724,3840,180,MBP
597,3708,210,MBP
866,3668,126,MBP
904,3781,120,MBP
969,3602,150,MBP
812,3779,104,MBP
794,3874,120,MBP
542,3854,156,MBP
738,3637,110,MBP
988,3841,88,MBP
901,3626,90,MBP
858,3649,140,MBP
657,3823,132,MBP
821,3832,108,MBP
920,3711,156,MBP
566,3660,110,MBP
604,3679,208,MBP
593,3812,130,MBP
526,3754,108,MBP
828,3631,110,MBP
546,3737,117,MBP
562,3781,130,MBP
704,3787,121,MBP
689,3716,182,MBP
757,3675,176,MBP
868,3706,130,MBP
604,3670,154,MBP
659,3712,110,MBP
727,3759,221,MBP
816,3808,176,MBP
776,3765,168,MBP
797,3688,240,MBP
870,3787,130,MBP
669,3733,132,MBP
576,3733,121,MBP
711,3858,99,MBP
996,3872,88,MBP
502,3650,162,MBP
984,3781,70,MBP
586,3752,117,MBP
641,3726,110,MBP
585,3645,88,MBP
663,3886,143,MBP
549,3619,182,MBP
680,3829,143,MBP
832,3742,154,MBP
734,3688,80,MBP
907,3892,140,MBP
860,3789,88,MBP
581,3659,100,MBP
680,3726,88,MBP
555,3792,84,MBP
638,3687,180,MBP
642,3787,80,MBP
794,3730,90,MBP
525,3624,108,MBP
776,3858,110,MBP
829,3785,112,MBP
975,3768,126,MBP
834,3656,108,MBP
753,3658,196,MBP
957,3769,96,MBP
650,3712,80,MBP
985,3717,224,MBP
584,3840,182,MBP
649,3875,126,MBP
644,3662,108,MBP
929,3619,112,MBP
524,3796,108,MBP
999,3741,50,MBP
656,3630,210,MBP
533,3770,132,MBP
878,3761,180,MBP
985,3864,90,MBP
988,3797,299,MBP
988,3703,180,MBP
891,3794,70,hand-drawn
880,3800,84,hand-drawn
710,3845,63,hand-drawn
510,3739,96,hand-drawn
541,3805,88,hand-drawn
665,3768,90,hand-drawn
715,3629,81,hand-drawn
825,3626,70,hand-drawn
1092,3635,225,MBP
1355,3724,108,MBP
1460,3808,90,MBP
1087,3852,143,MBP
1426,3838,168,MBP
1202,3737,110,MBP
1016,3868,132,MBP
1328,3885,180,MBP
1075,3812,80,MBP
1463,3863,160,MBP
1420,3608,130,MBP
1274,3784,132,MBP
1064,3898,112,MBP
1128,3665,224,MBP
1367,3892,196,MBP
1458,3763,168,MBP
1369,3676,72,MBP
1251,3870,208,MBP
1184,3617,108,MBP
1287,3878,208,MBP
1388,3778,88,MBP
1114,3757,110,MBP
1118,3679,120,MBP
1270,3615,104,MBP
1122,3608,150,MBP
1066,3700,169,MBP
1059,3655,99,MBP
1318,3859,80,MBP
1241,3614,63,MBP
1135,3806,130,MBP
1360,3703,120,MBP
1447,3655,169,MBP
1078,3773,144,MBP
1399,3880,195,MBP
1356,3840,81,MBP
1371,3661,120,MBP
1235,3637,156,MBP
1256,3889,170,MBP
1205,3636,195,MBP
1095,3828,120,MBP
1208,3884,168,MBP
1417,3810,88,MBP
1062,3794,99,MBP
1424,3784,126,MBP
1020,3820,132,MBP
1221,3669,156,MBP
1051,3739,120,MBP
1157,3632,99,MBP
1241,3810,100,MBP
1322,3714,169,MBP
1300,3828,96,MBP
1188,3662,130,MBP
1165,3736,196,MBP
1062,3744,126,MBP
1001,3833,110,MBP
1393,3823,90,MBP
1126,3839,208,MBP
1119,3807,132,MBP
1434,3762,110,MBP
1183,3841,81,MBP
1420,3857,99,MBP
1177,3793,80,MBP
1268,3639,99,MBP
1372,3728,140,MBP
1391,3676,80,MBP
1496,3807,156,MBP
1335,3795,80,MBP
1207,3707,156,MBP
1399,3677,110,MBP
1278,3738,165,MBP
1083,3806,99,MBP
1071,3820,99,MBP
1330,3687,234,MBP
1376,3794,108,MBP
1272,3660,120,MBP
1169,3702,168,MBP
1359,3672,72,MBP
1288,3894,144,MBP
1360,3618,96,MBP
1010,3842,156,MBP
1106,3671,156,MBP
1087,3821,110,MBP
1451,3678,110,MBP
1219,3777,156,MBP
1229,3890,144,MBP
1241,3780,80,MBP
1374,3636,110,MBP
1310,3860,72,MBP
1327,3872,168,MBP
1450,3711,108,MBP
1004,3822,90,MBP
1262,3862,84,MBP
1432,3725,99,MBP
1234,3838,99,MBP
1004,3736,72,MBP
1476,3659,221,MBP
1470,3705,195,MBP
1258,3670,100,MBP
1105,3867,104,MBP
1099,3609,120,MBP
1134,3765,48,hand-drawn
1143,3769,48,hand-drawn
1117,3766,48,hand-drawn
1133,3779,36,hand-drawn
1046,3744,110,hand-drawn
1197,3726,72,hand-drawn
1399,3722,88,hand-drawn
1391,3730,81,hand-drawn
1401,3798,90,hand-drawn
1362,3636,117,hand-drawn
1343,3632,108,hand-drawn
1493,3665,48,hand-drawn
1462,3726,81,hand-drawn
1255,3803,64,hand-drawn
1291,3753,56,hand-drawn
1223,3841,64,hand-drawn
1138,3896,70,hand-drawn
1164,3658,56,hand-drawn
1177,3662,49,hand-drawn
1037,3604,54,hand-drawn
429,3941,72,MBP
468,3942,72,MBP
40,3953,63,MBP
54,3988,90,MBP
477,3917,90,MBP
135,3961,88,MBP
33,3942,72,MBP
133,3991,72,MBP
347,3917,90,MBP
15,3930,48,MBP
198,3987,64,MBP
208,3932,72,MBP
142,3926,72,MBP
370,3934,90,MBP
213,3915,81,MBP
364,3903,90,MBP
259,3981,90,MBP
7,3914,72,MBP
176,3972,63,MBP
298,3927,90,MBP
2,3937,56,MBP
45,3921,80,MBP
489,3948,81,MBP
233,3926,100,MBP
162,3910,80,MBP
289,3913,64,MBP
153,3913,54,MBP
265,3988,72,MBP
150,3957,90,MBP
216,3993,48,MBP
194,3977,49,MBP
280,3955,64,MBP
328,3961,99,MBP
153,3970,72,MBP
144,3952,56,MBP
443,3940,56,MBP
173,3983,72,MBP
394,3995,72,MBP
407,3991,88,MBP
10,3974,70,MBP
295,3976,40,MBP
65,3929,56,MBP
441,3944,42,MBP
191,3994,49,MBP
142,3902,63,MBP
380,3990,48,MBP
448,3900,18,MBP
144,3981,72,MBP
20,3939,36,MBP
387,3987,35,MBP
288,3919,90,MBP
328,3977,48,MBP
218,3987,49,MBP
149,3915,54,MBP
317,3966,66,MBP
308,3979,121,MBP
532,3956,80,MBP
926,3932,64,MBP
758,3981,80,MBP
961,3997,56,MBP
675,3982,72,MBP
798,3909,64,MBP
776,3919,56,MBP
913,3916,80,MBP
920,3991,81,MBP
557,3954,110,MBP
871,3941,56,MBP
959,3936,90,MBP
826,3945,81,MBP
931,3943,72,MBP
716,3976,90,MBP
984,3922,81,MBP
596,3942,72,MBP
971,3957,64,MBP
600,3985,100,MBP
940,3911,72,MBP
658,3988,56,MBP
906,3987,56,MBP
978,3943,100,MBP
838,3966,63,MBP
864,3948,72,MBP
656,3958,42,MBP
952,3969,48,MBP
557,3997,40,MBP
756,3994,56,MBP
807,3940,42,MBP
853,3955,77,MBP
503,3983,40,MBP
816,3943,54,MBP
766,3995,36,MBP
727,3917,81,MBP
750,3969,63,MBP
511,3922,42,MBP
605,3945,35,MBP
664,3961,32,MBP
669,3952,45,MBP
728,3928,66,MBP
841,3959,64,MBP
592,3935,54,MBP
847,3957,49,MBP
752,3959,56,hand-drawn
1402,3941,80,MBP
1076,3979,64,MBP
1037,3985,72,MBP
1084,3954,81,MBP
1252,3965,70,MBP
1394,3908,80,MBP
1227,3928,64,MBP
1148,3932,72,MBP
1494,3985,72,MBP
1117,3951,72,MBP
1129,3941,72,MBP
1424,3925,64,MBP
1151,3972,56,MBP
1154,3956,100,MBP
1457,3902,72,MBP
1239,3936,90,MBP
1457,3950,120,MBP
1407,3998,72,MBP
1400,3969,88,MBP
1169,3984,72,MBP
1456,3931,81,MBP
1437,3904,121,MBP
1254,3904,90,MBP
1374,3947,90,MBP
1191,3952,120,MBP
1258,3937,54,MBP
1362,3993,56,MBP
1171,3918,63,MBP
1156,3986,63,MBP
1333,3994,49,MBP
1018,3953,72,MBP
1134,3903,40,MBP
1332,3974,64,MBP
1122,3994,63,MBP
1087,3946,56,MBP
1338,3984,42,MBP
1161,3924,70,MBP
1499,3969,24,MBP
1114,3978,42,MBP
1262,3915,40,MBP
1185,3989,80,MBP
1185,3963,110,MBP
1019,3942,72,hand-drawn
