com_x,com_y,pixel_area
84,79,234
17,117,80
115,188,180
152,234,120
105,166,156
213,15,208
383,243,182
433,273,120
499,242,90
238,175,120
78,116,143
277,126,169
100,219,100
213,83,81
355,95,108
213,207,169
475,158,120
146,137,182
69,281,240
305,237,156
30,11,144
264,244,140
188,187,108
59,80,90
248,63,221
24,200,196
353,37,143
417,139,90
125,30,80
477,75,144
281,30,182
365,32,48
369,43,48
379,159,100
97,289,126
117,295,99
706,54,342
780,154,132
830,163,132
720,191,182
989,200,180
913,189,156
764,2,140
836,37,99
564,230,132
708,84,195
903,86,255
806,127,176
823,16,195
540,116,169
741,14,99
751,274,240
560,40,100
800,187,168
784,26,238
539,264,88
590,249,143
940,93,210
770,127,169
527,203,110
775,291,120
610,188,208
524,52,99
663,259,182
775,207,132
844,34,144
700,234,121
556,153,156
818,2,91
795,100,110
611,293,96
653,130,96
816,85,182
825,7,132
898,45,120
839,51,99
752,210,90
558,63,121
510,203,96
791,84,81
1194,152,240
1444,207,72
1368,106,156
1037,119,154
1463,178,144
1012,15,88
1386,91,88
1455,33,126
1179,208,169
1152,187,195
1247,7,154
1347,254,168
1378,244,180
1346,213,182
1188,15,156
1377,6,91
1383,295,108
1050,294,144
72,355,221
66,440,221
291,544,144
120,586,156
325,373,110
155,309,121
124,457,182
216,309,99
403,569,120
423,582,144
497,575,104
21,545,169
367,334,150
232,454,144
317,525,210
306,535,156
713,482,210
837,494,108
842,530,96
755,445,255
508,516,150
931,471,195
632,545,132
663,529,121
882,434,143
863,570,240
809,365,156
540,534,224
534,315,110
904,509,110
783,531,110
989,447,132
578,356,180
521,418,108
919,591,100
848,461,100
774,525,80
738,552,156
935,521,143
942,581,63
680,429,266
744,380,240
954,577,48
842,516,81
1111,587,210
1111,401,143
1475,368,169
1049,442,100
1396,304,91
1191,505,121
1024,564,156
1485,546,121
1388,355,156
1205,577,121
1409,466,195
1068,446,144
1114,478,108
1112,448,110
1433,363,143
1242,545,90
1184,533,132
1454,587,72
1458,439,100
1467,315,90
1343,544,143
1370,511,120
1267,330,100
1034,466,96
1341,468,80
1085,526,221
1318,459,126
1441,582,99
1211,476,192
1427,461,252
1383,318,144
1277,525,121
1456,530,100
1038,435,108
1328,560,144
1391,428,144
1304,315,234
1097,455,156
1010,548,104
1456,520,121
1210,351,108
1199,334,154
1021,436,80
1257,334,132
1284,570,80
1370,346,99
1361,332,143
1415,557,91
1422,557,99
1441,571,77
1447,558,88
1485,570,108
1114,534,99
1372,308,88
240,835,156
469,697,156
341,753,240
225,879,110
359,833,100
374,746,289
478,613,130
101,881,110
36,874,210
325,643,132
259,674,165
304,857,260
123,809,80
330,776,120
114,696,121
76,829,132
177,653,120
147,735,272
417,875,208
314,819,169
367,660,90
93,773,120
312,608,130
330,794,169
406,695,176
418,828,88
25,890,100
495,706,66
37,651,80
185,858,90
85,846,72
61,836,90
276,669,182
432,774,110
198,713,144
232,837,64
541,766,208
665,872,294
944,813,156
515,850,168
685,818,252
638,884,120
752,739,169
758,612,196
878,809,182
898,749,143
896,765,182
969,760,120
786,618,100
612,689,70
773,855,196
686,628,156
635,779,99
765,763,196
833,640,238
844,836,323
507,709,121
795,774,156
949,679,96
566,810,120
719,868,143
586,656,117
712,766,182
862,628,130
694,794,81
699,607,144
593,644,120
717,824,110
637,851,130
802,803,143
685,749,108
671,841,120
855,706,143
910,841,132
797,718,165
608,831,132
995,750,247
783,684,104
569,656,56
615,627,154
768,815,90
577,637,117
509,623,72
791,844,90
1318,682,154
1348,828,132
1092,878,99
1140,611,110
1236,805,154
1023,806,130
1396,818,168
1345,857,99
1089,708,143
1270,894,143
1226,871,132
1323,891,110
1007,710,153
1267,767,208
1395,756,72
1118,845,154
1422,763,120
1145,783,72
1034,873,80
1485,721,100
1352,793,165
1489,885,182
1433,645,99
1013,777,182
1032,881,132
1050,759,192
1145,722,121
1374,633,221
1490,799,108
1348,612,99
1287,846,90
1241,737,132
1226,632,144
1459,754,156
1093,656,140
1404,614,160
1397,775,110
1260,840,156
1322,885,110
1470,615,132
1060,671,110
1483,863,99
1391,728,64
1089,618,196
1461,670,169
1298,889,110
1447,739,70
1021,651,99
1494,766,100
1094,656,100
1019,688,100
1090,733,225
1144,640,182
1187,704,210
1161,797,144
1490,792,120
1441,637,70
1260,735,120
1267,743,143
1242,693,90
1403,852,88
1378,729,169
1084,864,81
1082,848,143
1056,828,120
1303,665,156
1410,674,42
1422,660,66
1402,711,63
1105,668,88
1331,748,60
9,1176,221
98,1053,132
117,1098,272
234,999,182
350,956,195
214,951,81
94,1121,80
132,1162,195
186,1128,169
108,1144,168
443,1001,286
459,1166,96
299,1064,156
484,1189,143
156,971,143
245,1049,130
490,1163,120
234,1171,121
333,1176,160
440,1150,81
328,1003,195
2,928,156
369,1172,81
399,987,195
186,1002,195
278,966,169
247,912,108
253,1185,240
319,1027,156
57,980,99
472,1057,110
131,1178,168
153,1013,156
259,1096,100
173,1189,110
74,1048,99
383,1060,120
432,961,126
222,1157,90
190,1180,99
150,980,180
344,1051,100
8,1152,104
192,959,143
252,1113,110
1,1052,120
274,1042,120
73,961,99
237,997,182
383,1094,120
330,1048,88
1,1037,96
448,1189,99
213,1127,88
323,966,121
429,1019,81
410,1026,42
215,1067,84
191,1150,70
223,1196,49
612,1097,195
912,1072,156
941,1008,132
789,1141,144
726,1073,121
819,980,266
505,1099,108
845,1197,169
640,1008,165
562,1155,132
556,1060,156
946,1113,176
807,1089,110
595,1135,169
753,1077,72
759,1059,182
615,1152,110
839,1141,260
963,1162,208
687,952,132
559,1073,110
633,1190,182
659,922,80
579,1071,110
733,1136,221
873,963,154
773,958,225
667,1161,132
915,927,182
775,1169,156
580,1001,121
641,1170,110
681,909,100
589,1065,121
745,916,132
962,1040,143
552,909,156
643,966,180
930,996,100
637,1041,99
748,959,72
988,1154,144
589,1042,110
728,911,160
623,1029,140
508,1153,168
996,906,112
605,1012,208
789,1109,169
853,955,140
902,978,140
765,1181,100
863,1183,70
569,968,81
714,906,84
740,960,110
794,1068,90
803,1021,140
597,938,143
931,906,112
713,1038,120
885,1192,81
712,935,121
552,1179,108
987,1087,154
516,1043,81
741,1067,63
642,1186,80
591,1149,80
516,1029,110
934,1179,63
939,1172,90
785,1028,64
1215,1073,270
1346,1161,208
1211,1162,99
1447,1148,156
1413,1064,108
1390,1102,100
1037,1092,210
1354,932,120
1312,971,121
1442,1126,77
1236,921,72
1257,1162,204
1146,1168,154
1188,988,210
1288,1168,154
1442,949,120
1288,1191,120
1406,1131,240
1223,944,169
1007,1092,168
1126,912,130
1104,1108,156
1334,1077,143
1479,924,144
1287,1037,260
1279,1078,135
1023,1063,156
1413,913,100
1370,995,216
1361,906,154
1424,1035,132
1341,1086,100
1055,905,120
1328,1029,140
1486,946,266
1362,1043,168
1178,1168,165
1025,1141,120
1415,1020,225
1339,939,165
1256,1100,99
1031,1165,208
1429,1184,132
1194,932,120
1309,983,100
1045,1036,144
1370,1140,144
1007,980,110
1098,1142,99
1465,989,88
1258,1187,132
1212,1056,198
1472,1140,180
1492,1149,126
1296,1146,132
1098,987,81
1076,1058,154
1192,1192,168
1294,1017,255
1317,1105,88
1150,1147,121
1123,1044,121
1445,1065,154
1313,1061,143
1319,987,130
1110,1102,154
1088,1190,130
1449,1181,108
1368,1057,156
1258,1175,99
1489,992,108
1138,1088,63
1385,974,117
1100,1026,182
1074,1102,99
1411,969,108
1363,955,96
1315,1074,84
1296,1064,56
1301,1043,63
1399,1117,63
1444,1156,72
1071,1121,56
1137,988,88
1164,983,110
1041,927,81
1090,904,66
1003,975,99
1017,1000,80
1468,981,88
1461,956,81
1442,1198,60
1226,1036,77
1429,1118,99
107,1236,255
401,1299,195
408,1491,224
9,1461,132
163,1495,210
47,1483,156
64,1429,110
319,1414,130
356,1459,120
5,1325,153
479,1256,154
392,1494,210
435,1210,72
108,1276,192
100,1329,120
448,1242,247
298,1392,120
30,1364,143
92,1461,182
23,1447,130
3,1416,150
117,1299,110
344,1366,132
382,1426,110
38,1457,132
59,1318,132
141,1496,156
151,1288,208
159,1382,169
356,1436,110
205,1387,120
231,1402,143
117,1492,195
384,1361,150
247,1318,195
284,1493,104
304,1466,132
231,1225,120
496,1367,110
259,1389,120
91,1356,150
375,1249,156
72,1257,132
282,1260,208
462,1216,144
432,1230,180
484,1440,72
307,1458,108
250,1483,156
278,1424,120
217,1313,156
116,1418,110
315,1265,182
72,1269,182
285,1448,132
99,1397,80
99,1410,72
88,1423,49
124,1451,90
96,1437,63
30,1421,80
157,1392,180
169,1422,117
141,1384,88
174,1363,117
100,1368,48
95,1381,64
273,1452,121
277,1375,132
274,1365,70
312,1387,88
348,1352,120
380,1308,240
423,1292,80
440,1295,121
397,1279,120
430,1477,90
450,1420,110
196,1291,110
181,1274,110
322,1246,130
310,1288,156
215,1412,48
299,1422,64
628,1360,154
839,1493,240
533,1351,156
526,1392,110
525,1484,108
576,1245,81
928,1475,169
990,1262,180
636,1421,221
874,1336,154
682,1294,168
899,1448,121
740,1246,88
809,1444,266
742,1312,182
833,1318,168
669,1277,210
852,1360,221
933,1277,121
663,1305,120
510,1208,156
762,1240,121
592,1299,224
542,1472,195
593,1243,221
540,1343,90
928,1430,168
969,1395,121
792,1360,99
608,1386,168
962,1286,140
899,1483,154
585,1466,110
568,1351,196
557,1434,154
846,1456,110
865,1405,182
697,1371,156
620,1449,195
963,1326,156
726,1429,168
641,1319,132
789,1273,165
779,1443,110
844,1257,88
775,1327,80
775,1312,132
924,1326,120
738,1320,221
559,1337,156
502,1287,99
744,1478,132
807,1447,156
537,1374,110
776,1374,110
612,1206,96
631,1469,144
680,1411,120
922,1283,154
741,1239,70
989,1297,126
817,1206,88
942,1222,80
803,1334,77
754,1452,99
736,1209,110
670,1399,80
558,1492,108
793,1393,70
566,1457,169
566,1208,130
728,1382,120
978,1463,80
985,1452,112
969,1448,182
773,1370,100
768,1362,72
715,1351,154
671,1257,99
658,1248,98
607,1399,196
614,1415,121
516,1368,63
560,1314,90
763,1407,99
764,1390,72
795,1414,110
694,1423,110
894,1353,81
881,1388,88
900,1404,72
814,1285,88
754,1269,96
843,1205,91
1483,1373,132
1046,1295,180
1441,1391,192
1398,1464,270
1424,1250,132
1280,1356,90
1187,1233,126
1387,1414,120
1335,1445,81
1256,1471,121
1450,1411,234
1431,1233,154
1179,1374,204
1237,1328,81
1062,1385,110
1471,1400,132
1205,1277,96
1209,1411,110
1306,1485,144
1090,1373,143
1335,1434,99
1308,1249,216
1223,1292,120
1085,1244,225
1444,1209,110
1425,1302,99
1199,1326,140
1387,1212,285
1369,1435,168
1446,1342,182
1018,1493,110
1413,1387,108
1446,1460,64
1070,1422,121
1116,1410,90
1275,1267,110
1319,1213,192
1080,1437,130
1347,1230,196
1419,1237,117
1081,1435,198
1219,1469,255
1285,1440,121
1247,1359,204
1433,1484,169
1043,1485,182
1373,1227,110
1224,1357,156
1015,1343,88
1235,1398,120
1312,1363,156
1248,1354,182
1300,1215,132
1330,1298,110
1026,1212,110
1005,1298,182
1027,1454,110
1274,1218,132
1122,1324,156
1001,1438,136
1393,1339,150
1294,1271,196
1478,1213,100
1268,1397,120
1353,1300,255
1315,1469,110
1393,1365,100
1433,1484,90
1308,1377,132
1429,1313,110
1407,1259,168
1218,1243,154
1283,1316,96
1497,1455,88
1480,1255,130
1123,1379,90
1124,1344,108
1415,1325,169
1332,1399,64
1148,1315,144
1480,1391,132
1477,1443,210
1273,1401,143
1358,1377,90
1038,1452,110
1363,1489,63
1476,1247,99
1208,1320,48
1174,1331,81
1310,1318,72
1322,1344,49
1304,1458,99
1340,1467,108
1281,1489,72
1259,1482,63
1265,1454,117
1265,1491,63
1471,1491,72
466,1627,342
89,1723,132
143,1795,255
88,1536,121
194,1628,210
54,1772,143
447,1536,323
120,1777,266
452,1722,90
426,1558,80
340,1750,195
184,1550,110
197,1684,143
89,1761,120
69,1667,143
100,1751,182
375,1532,168
350,1733,110
338,1580,168
270,1562,81
87,1555,182
296,1615,100
310,1796,121
72,1773,154
14,1613,195
61,1681,110
101,1669,110
380,1692,143
323,1634,156
110,1593,154
251,1606,120
314,1770,238
345,1595,180
367,1546,80
192,1672,99
87,1699,168
412,1680,196
15,1698,144
42,1790,108
476,1575,154
143,1767,210
415,1730,130
227,1554,210
364,1797,121
244,1676,132
287,1690,144
205,1767,100
108,1696,72
100,1791,108
458,1792,132
444,1778,180
37,1749,180
13,1782,80
461,1708,81
175,1746,108
231,1703,130
188,1569,130
212,1506,221
285,1717,100
392,1781,96
256,1688,210
75,1787,88
291,1666,56
299,1505,144
375,1736,110
124,1506,120
77,1630,56
24,1643,120
170,1618,121
63,1643,80
43,1685,168
152,1597,99
362,1654,99
234,1736,247
173,1702,195
381,1742,110
436,1613,88
249,1721,195
186,1550,110
306,1755,56
161,1541,99
389,1760,196
14,1551,108
223,1649,110
236,1635,120
257,1583,182
453,1679,192
399,1768,143
254,1644,154
280,1525,195
65,1791,70
414,1613,168
449,1639,132
250,1748,168
387,1541,81
150,1547,117
22,1786,104
62,1642,54
22,1573,165
334,1557,110
373,1645,60
428,1656,77
415,1643,88
349,1704,120
424,1740,72
71,1728,108
207,1722,100
221,1719,64
28,1767,132
321,1616,96
236,1581,84
158,1534,88
141,1537,117
141,1597,81
184,1706,81
421,1781,96
462,1757,84
331,1737,90
294,1748,90
271,1751,96
182,1527,88
305,1524,108
634,1645,160
557,1642,144
970,1784,100
753,1576,289
539,1739,289
824,1535,117
851,1795,168
975,1750,100
587,1779,144
610,1646,156
540,1679,100
604,1578,195
726,1555,196
767,1508,285
698,1714,289
982,1653,81
548,1781,110
735,1634,210
884,1790,210
918,1766,143
982,1575,80
934,1538,132
746,1697,238
894,1609,70
686,1742,132
984,1627,132
763,1731,121
924,1662,238
645,1596,182
541,1535,195
553,1708,168
944,1770,72
532,1639,165
752,1771,182
826,1792,168
974,1732,132
835,1756,143
845,1719,182
929,1566,99
618,1680,120
542,1565,228
694,1512,182
596,1776,255
514,1669,120
802,1555,99
808,1575,208
800,1724,100
877,1696,143
859,1645,90
634,1716,90
679,1607,132
505,1766,204
637,1564,182
796,1628,90
844,1592,121
966,1525,81
798,1529,88
736,1589,90
960,1702,108
678,1580,64
753,1769,224
551,1706,99
577,1554,192
870,1667,99
908,1718,180
966,1675,110
832,1780,96
687,1763,252
737,1741,120
622,1789,108
928,1787,110
533,1699,88
773,1535,88
621,1579,108
838,1618,120
578,1615,120
606,1531,90
501,1657,80
669,1759,132
829,1584,120
782,1775,110
889,1622,130
909,1692,132
884,1760,80
803,1678,80
720,1664,90
799,1780,144
657,1518,176
769,1697,110
717,1634,195
939,1581,266
834,1730,132
886,1756,99
826,1515,216
532,1748,132
717,1697,110
618,1694,99
645,1742,96
845,1652,48
925,1606,153
813,1632,88
708,1677,165
634,1626,154
969,1545,56
977,1559,100
981,1545,49
993,1543,72
992,1559,90
768,1712,63
771,1747,48
620,1746,88
1487,1635,99
1063,1712,225
1066,1760,306
1481,1682,90
1182,1753,100
1212,1764,180
1185,1665,340
1129,1640,132
1032,1650,143
1043,1546,90
1363,1742,240
1458,1732,168
1393,1685,182
1142,1625,100
1008,1764,160
1080,1597,108
1234,1713,130
1123,1560,110
1250,1577,225
1214,1684,143
1017,1509,108
1394,1548,156
1303,1630,70
1296,1598,99
1380,1775,308
1255,1607,168
1335,1642,90
1246,1668,182
1332,1503,90
1280,1539,100
1325,1523,120
1462,1786,154
1275,1698,154
1354,1701,144
1412,1739,130
1178,1738,143
1403,1587,90
1110,1656,234
1172,1525,156
1461,1786,182
1148,1694,110
1293,1716,132
1329,1631,121
1009,1526,169
1345,1571,100
1006,1721,136
1163,1710,156
1463,1550,99
1001,1631,187
1082,1540,130
1418,1532,100
1185,1644,196
1196,1550,88
1183,1538,70
1228,1703,108
1496,1747,156
1363,1644,120
1192,1539,70
1217,1753,117
1229,1752,132
1428,1613,88
1286,1683,143
1040,1555,108
1334,1598,108
1209,1564,100
1063,1551,64
1212,1525,120
1213,1669,110
1448,1504,104
1238,1648,88
1025,1613,108
1229,1752,110
1087,1526,88
1493,1693,169
1443,1629,156
1258,1690,130
1352,1510,144
1195,1794,105
1433,1636,108
1239,1794,130
1297,1727,110
1204,1600,168
1196,1715,110
1045,1675,110
1168,1570,132
1095,1515,90
1438,1699,108
1406,1692,120
1232,1520,132
1166,1587,132
1063,1551,132
1438,1547,110
1428,1758,120
1207,1638,110
1152,1559,150
1243,1551,110
1375,1559,70
1193,1565,80
1345,1520,108
1475,1549,84
1485,1527,165
1468,1567,56
1457,1639,170
1014,1692,80
1034,1712,70
1037,1767,143
1020,1770,99
1311,1747,143
1308,1658,49
1266,1618,72
1257,1622,88
80,1987,195
242,1801,156
45,2047,315
310,2095,140
213,1846,285
94,1957,182
245,1943,156
318,1964,168
3,2052,210
362,2071,110
163,2052,130
113,2006,156
431,1905,120
489,1841,100
453,2094,91
237,2070,210
334,1873,210
49,1887,270
474,1870,126
402,2013,169
237,1851,110
376,1850,130
373,2052,72
325,1905,90
123,2083,224
97,2078,180
326,2093,96
281,1990,168
274,1958,208
156,2079,96
243,1986,56
432,1888,120
7,1839,240
170,1809,100
442,1841,96
94,2044,156
182,1803,132
271,1824,110
343,1930,72
258,1898,121
202,1905,176
315,1885,160
337,1861,192
375,2062,160
438,1874,110
43,2023,96
152,1983,110
30,1899,272
61,2093,132
248,1829,120
468,1859,104
439,1861,117
421,2070,169
44,1946,100
199,2005,120
282,2079,90
477,1939,132
260,1848,247
63,1808,150
24,1859,120
307,2060,110
396,1870,90
376,1907,132
375,1945,99
454,1954,143
333,1952,108
425,2010,117
91,1871,81
354,1996,247
21,1969,156
466,2039,80
77,1888,143
458,1877,70
385,2080,90
93,1909,100
464,1903,132
189,1824,156
161,1918,54
168,1983,160
361,1889,80
125,1930,81
292,1912,81
34,1877,88
478,1930,80
486,1919,64
478,1998,64
218,1940,110
10,1952,72
113,1832,99
23,1825,81
36,1839,110
136,2057,132
193,1809,90
417,1851,112
725,2058,198
976,2033,72
514,1958,256
855,2034,224
742,1895,143
967,1930,110
652,2051,110
633,1939,240
831,1975,108
964,1975,126
695,1950,208
741,1852,100
819,2090,110
508,1811,132
834,1953,240
585,1970,156
975,1842,210
781,2063,117
895,1989,182
851,2072,99
590,2008,182
848,2058,143
736,1953,99
595,2093,121
670,1874,110
836,1857,99
617,1967,90
544,2019,192
891,2084,99
507,2036,99
804,1913,169
639,1995,132
712,1952,90
739,1988,99
716,2006,154
896,1935,110
890,1849,81
789,2025,144
952,1879,225
946,2065,80
681,1962,168
801,1866,110
533,2093,120
928,1852,132
841,1965,110
617,1994,144
915,2047,81
682,1838,99
918,1919,72
717,1978,120
832,2037,121
722,1924,121
607,2009,192
643,1922,96
544,2047,108
525,1845,99
967,2064,240
681,2048,132
918,1893,90
651,1803,132
537,1894,168
629,1889,165
818,1833,121
877,1815,234
611,1900,110
928,2075,135
634,2024,192
632,1834,154
980,1926,121
514,1865,130
752,2025,110
530,1976,110
839,1999,99
998,1990,120
781,1868,154
764,1809,121
531,2015,132
512,1862,117
623,1862,176
809,1833,120
699,1973,90
773,1892,144
864,1837,88
701,1896,121
627,1930,180
823,1864,117
797,2054,130
790,1849,96
743,2095,70
699,1897,88
942,1964,132
580,1867,144
527,1925,72
725,1997,100
916,1904,70
556,1845,81
846,1856,90
977,1825,84
600,1858,90
600,1819,80
686,1856,110
699,1852,80
527,1937,132
682,1893,81
687,1888,70
811,1904,63
603,1895,88
614,1952,56
1202,2037,180
1366,2043,180
1270,2023,108
1321,1920,156
1153,1962,121
1460,2008,90
1370,1952,182
1069,1933,108
1431,2095,154
1221,1885,420
1186,1961,208
1041,2014,77
1419,1956,323
1300,2023,182
1420,2041,100
1292,1844,81
1282,1923,252
1166,2024,108
1413,1855,110
1025,1847,176
1259,1948,168
1454,1813,169
1217,1958,110
1448,1935,208
1330,2037,81
1311,1864,121
1249,1901,238
1006,2094,168
1176,1983,90
1027,1814,143
1166,1801,247
1140,2073,154
1496,2027,120
1259,2065,100
1084,1987,156
1379,1862,143
1157,1985,221
1194,1818,208
1117,2091,100
1017,2048,90
1320,2039,110
1259,2090,130
1449,1904,120
1353,1862,99
1455,2069,132
1312,2000,132
1081,1966,168
1058,2043,143
1383,2014,195
1173,1896,81
1099,1976,104
1234,1813,110
1393,2044,110
1083,1865,156
1217,2081,224
1042,2091,132
1358,2037,121
1355,1884,99
1486,1870,108
1376,2078,156
1228,2027,132
1009,1902,150
1498,1809,84
1407,1817,156
1040,1921,204
1129,1887,195
1095,2077,156
1165,1879,120
1430,1892,99
1115,1897,168
1327,2097,77
1222,2066,228
1031,1909,132
1388,1977,165
1421,2031,110
1341,1814,132
1203,1916,182
1168,2007,120
1262,1833,144
1337,1937,100
1001,2006,88
1419,2003,160
1132,2026,64
1145,1900,132
1094,2058,154
1463,2065,100
1274,1961,90
1135,1989,100
1059,1981,121
1117,1821,96
1338,1825,63
15,2379,108
284,2211,182
179,2393,110
274,2308,128
105,2348,143
449,2390,130
412,2145,110
474,2330,108
239,2114,165
238,2163,110
432,2279,96
222,2314,156
486,2308,90
249,2376,144
426,2132,132
39,2249,132
484,2388,182
189,2329,182
178,2131,143
114,2323,224
230,2366,153
353,2170,110
150,2117,120
98,2288,132
195,2180,132
445,2194,88
316,2271,182
387,2333,144
400,2170,144
107,2197,90
412,2309,99
58,2303,99
66,2349,130
191,2313,169
49,2207,144
345,2202,120
289,2186,99
226,2262,169
267,2324,225
392,2259,143
184,2181,168
188,2136,255
423,2371,99
392,2379,121
50,2144,121
492,2147,169
173,2254,90
411,2203,108
394,2296,99
35,2287,143
123,2229,156
59,2129,143
91,2105,99
444,2348,112
58,2204,108
143,2172,182
382,2204,70
70,2317,120
81,2125,108
3,2238,64
201,2171,156
430,2343,108
156,2313,108
231,2293,110
244,2285,48
240,2306,81
214,2327,72
240,2346,80
337,2382,90
422,2226,96
418,2268,60
370,2272,90
391,2267,72
101,2392,128
139,2393,88
189,2369,110
7,2152,130
30,2195,99
256,2115,130
233,2129,150
197,2252,165
165,2244,99
330,2220,195
375,2156,154
275,2131,88
287,2134,49
328,2138,72
388,2111,70
377,2113,54
305,2106,80
334,2105,48
306,2144,100
321,2169,49
327,2171,64
253,2199,110
20,2132,72
154,2210,56
446,2152,81
360,2213,99
231,2239,108
555,2126,210
797,2389,132
521,2385,195
966,2282,144
745,2224,210
974,2354,110
696,2158,99
816,2159,120
952,2349,100
570,2274,165
921,2393,96
596,2315,154
975,2333,110
844,2356,156
967,2176,195
841,2257,132
589,2129,208
705,2296,120
666,2218,143
584,2363,110
932,2279,108
613,2342,182
557,2141,108
738,2311,120
546,2387,182
688,2207,208
910,2355,156
944,2219,132
892,2336,228
773,2156,120
656,2279,238
879,2245,110
697,2364,110
514,2364,120
634,2141,100
674,2162,120
657,2187,99
968,2233,154
827,2139,156
805,2314,99
795,2270,168
525,2120,90
523,2311,150
875,2363,182
790,2370,168
771,2181,90
912,2313,192
720,2349,156
610,2368,140
739,2322,169
984,2297,225
912,2153,110
942,2249,144
744,2395,144
861,2117,90
931,2314,132
706,2205,121
677,2142,90
854,2304,121
735,2113,110
903,2209,80
830,2327,182
747,2255,180
963,2112,126
923,2103,117
636,2372,110
676,2107,120
577,2329,120
862,2272,130
883,2382,165
882,2281,140
762,2304,110
894,2170,100
514,2164,90
850,2193,169
565,2199,156
636,2389,182
848,2347,154
831,2255,180
762,2205,84
622,2126,143
655,2151,110
594,2260,110
681,2262,144
547,2274,100
608,2361,63
915,2279,169
863,2252,99
1150,2231,168
1055,2300,121
1026,2112,144
1129,2103,130
1135,2257,266
1479,2114,143
1232,2221,88
1339,2118,256
1077,2101,120
1210,2392,99
1266,2364,224
1265,2145,90
1093,2284,154
1184,2286,168
1409,2368,120
1151,2159,228
1059,2148,110
1334,2138,252
1460,2343,90
1382,2321,132
1124,2381,256
1332,2218,156
1377,2378,180
1301,2346,99
1422,2202,143
1013,2384,180
1239,2327,120
1003,2295,100
1048,2371,180
1320,2230,110
1237,2289,117
1040,2319,96
1296,2243,99
1033,2190,121
1196,2344,110
1390,2169,210
1155,2391,143
1220,2252,99
1002,2315,120
1251,2105,112
1405,2150,110
1111,2133,99
1256,2396,88
1330,2389,64
1452,2243,100
1095,2140,169
1472,2242,121
1013,2210,108
1365,2233,64
1026,2163,99
1055,2373,132
1363,2179,90
1089,2231,80
1036,2381,154
1319,2152,192
1079,2132,88
1430,2289,196
1287,2222,120
1289,2241,100
1205,2198,168
1483,2186,90
1438,2385,176
1376,2360,108
1306,2124,88
1021,2153,77
1041,2277,117
1299,2175,165
1227,2365,132
1224,2352,156
1252,2139,110
1223,2156,72
1439,2223,182
1188,2366,130
1426,2274,99
1187,2173,182
1366,2291,130
1020,2233,192
1354,2177,80
1018,2130,121
1034,2386,168
1014,2394,120
1430,2348,132
1407,2192,120
1075,2338,90
1218,2379,110
1400,2281,100
1110,2375,143
1218,2119,140
1088,2325,81
1195,2142,99
1352,2140,91
1139,2126,72
1118,2118,70
1191,2392,90
1448,2380,70
1453,2394,63
1083,2372,90
110,2678,117
493,2627,165
6,2554,144
242,2629,132
309,2496,216
436,2459,120
332,2654,168
337,2426,96
144,2609,120
470,2579,130
228,2649,260
31,2402,156
42,2567,110
243,2431,176
188,2663,192
49,2493,182
152,2653,120
133,2546,160
435,2509,110
122,2490,153
78,2497,117
388,2631,100
439,2642,196
374,2661,110
455,2686,180
266,2605,90
107,2618,108
214,2454,90
97,2695,99
81,2408,100
173,2582,100
65,2687,90
411,2510,120
75,2578,120
122,2455,121
209,2410,100
187,2592,180
269,2562,143
31,2597,225
215,2442,99
438,2691,88
287,2621,224
153,2672,140
481,2466,80
431,2569,90
223,2573,120
462,2599,143
468,2675,121
206,2524,132
457,2432,170
451,2492,156
416,2671,120
298,2660,143
341,2442,88
221,2409,120
142,2489,150
434,2669,90
251,2443,143
52,2469,90
414,2500,99
337,2547,156
106,2563,100
277,2474,108
3,2646,144
252,2666,84
339,2506,182
33,2662,112
70,2524,121
346,2555,130
139,2407,143
471,2662,154
400,2674,72
108,2414,120
114,2551,88
8,2694,88
319,2460,144
391,2614,210
109,2658,108
110,2479,77
184,2478,110
256,2683,154
280,2692,63
275,2678,90
324,2685,88
236,2654,110
272,2642,63
109,2692,120
100,2666,90
82,2640,110
124,2653,80
78,2622,120
66,2639,130
47,2626,108
97,2601,72
210,2560,88
245,2555,154
272,2502,64
277,2460,143
282,2454,96
60,2485,180
53,2478,56
39,2485,80
32,2428,120
424,2438,156
272,2454,64
236,2459,63
129,2417,64
98,2466,90
344,2456,56
721,2419,390
918,2691,110
681,2687,154
568,2520,156
843,2461,378
599,2650,90
871,2440,110
632,2593,154
731,2474,100
693,2634,121
506,2680,136
666,2685,168
633,2457,198
735,2478,143
522,2612,187
793,2687,91
795,2500,180
963,2519,108
780,2453,80
677,2491,80
990,2570,160
741,2647,90
835,2604,240
734,2577,169
798,2519,156
970,2446,180
767,2416,196
516,2586,110
651,2506,132
541,2468,180
562,2594,132
910,2453,168
974,2502,120
951,2682,77
546,2419,120
866,2505,156
867,2677,144
775,2506,144
906,2623,100
660,2645,110
813,2657,80
627,2574,224
666,2630,143
662,2550,210
959,2571,88
624,2507,117
505,2410,84
501,2628,162
659,2670,99
950,2478,208
544,2688,90
709,2627,168
518,2462,240
685,2577,182
843,2540,168
647,2402,98
838,2418,144
828,2570,192
891,2650,143
590,2679,130
894,2532,168
650,2682,110
754,2661,110
934,2543,108
720,2608,100
917,2519,99
527,2565,108
684,2566,144
865,2412,156
795,2672,130
827,2542,110
553,2570,168
633,2647,90
721,2507,108
896,2409,80
778,2660,99
791,2584,180
711,2477,90
672,2580,130
576,2444,196
934,2591,88
928,2408,143
712,2614,143
789,2448,80
654,2420,121
766,2403,64
781,2402,70
556,2634,154
550,2625,140
537,2674,108
525,2689,105
944,2674,72
1035,2503,121
1129,2500,196
1447,2642,143
1143,2431,130
1260,2682,143
1384,2445,192
1120,2533,182
1059,2416,204
1224,2526,195
1404,2407,110
1033,2535,187
1120,2610,192
1282,2441,132
1394,2689,132
1286,2628,196
1067,2619,140
1098,2545,140
1327,2436,132
1437,2591,132
1187,2642,100
1460,2431,153
1186,2462,180
1169,2593,156
1437,2530,306
1349,2650,110
1063,2438,72
1239,2528,238
1008,2606,143
1334,2503,110
1101,2403,156
1012,2479,130
1347,2564,144
1436,2575,110
1369,2570,132
1348,2589,80
1049,2613,110
1255,2602,132
1028,2560,96
1239,2508,165
1300,2568,110
1010,2489,132
1232,2557,180
1392,2528,169
1090,2690,80
1137,2596,156
1328,2696,72
1376,2655,196
1412,2466,195
1015,2420,198
1150,2650,143
1325,2632,81
1397,2573,208
1394,2538,99
1415,2555,132
1149,2411,99
1235,2418,90
1265,2582,156
1088,2488,99
1448,2583,110
1429,2648,121
1486,2468,132
1119,2671,209
1084,2650,80
1067,2645,99
1142,2531,126
1234,2581,130
1402,2630,117
1325,2658,156
1206,2687,108
1419,2502,165
1394,2592,165
1414,2576,120
1466,2663,81
1476,2669,56
1430,2673,64
1297,2419,72
1308,2420,132
1438,2454,132
1421,2438,108
1453,2406,70
1487,2448,110
1440,2435,72
1226,2459,120
1131,2442,90
1134,2424,99
1040,2473,90
1115,2586,81
1122,2654,64
1027,2517,63
1020,2508,56
1019,2522,56
1309,2449,108
1257,2427,90
1244,2430,90
383,2988,90
346,2968,140
384,2840,144
362,2800,80
466,2960,63
87,2791,108
119,2879,132
223,2801,180
477,2705,90
77,2731,143
331,2808,144
221,2853,121
483,2881,110
467,2888,204
279,2747,289
428,2702,110
248,2966,216
200,2837,234
37,2959,96
385,2746,182
330,2751,96
78,2950,121
364,2974,180
77,2801,96
190,2992,150
454,2909,130
306,2763,108
157,2771,88
377,2929,77
496,2821,121
80,2970,77
188,2760,154
145,2944,225
146,2840,168
49,2970,294
460,2816,156
446,2953,154
304,2972,187
310,2909,117
413,2854,132
41,2718,110
387,2916,72
99,2755,121
414,2937,182
424,2854,132
161,2826,56
306,2949,108
308,2990,100
29,2984,143
49,2799,96
124,2802,182
302,2800,108
223,2969,110
390,2770,70
124,2783,108
50,2897,99
456,2970,120
26,2838,140
142,2754,195
220,2795,150
191,2927,81
454,2849,120
264,2954,144
112,2809,168
350,2777,70
265,2988,84
14,2803,110
237,2770,152
317,2726,176
442,2991,80
336,2938,182
266,2910,176
88,2986,108
136,2959,81
457,2936,90
271,2925,180
77,2746,72
452,2771,88
393,2976,90
413,2781,81
288,2782,70
267,2937,117
161,2915,99
216,2819,192
252,2899,110
66,2836,70
31,2924,108
75,2928,96
264,2703,90
269,2805,88
197,2961,88
436,2926,120
395,2720,144
482,2760,117
403,2962,96
112,2869,80
212,2893,120
18,2768,128
90,2928,130
284,2733,112
328,2890,100
242,2750,143
121,2793,108
2,2796,96
1,2869,130
345,2861,117
121,2855,99
120,2926,112
37,2742,144
292,2980,70
83,2885,160
26,2980,99
144,2891,132
59,2872,110
219,2780,84
208,2871,110
129,2950,80
278,2838,81
59,2899,99
419,2791,169
158,2710,182
15,2929,140
78,2739,88
123,2929,150
248,2717,80
284,2887,168
342,2925,99
243,2874,108
416,2915,72
281,2810,96
158,2787,154
374,2886,60
51,2794,140
289,2704,121
334,2793,70
290,2846,121
272,2821,84
114,2882,90
100,2881,72
45,2898,81
14,2871,49
26,2871,36
30,2877,42
43,2873,88
9,2828,90
315,2925,49
322,2923,64
232,2735,90
477,2821,72
493,2863,49
444,2828,56
330,2851,99
290,2827,70
180,2743,64
198,2767,56
200,2779,42
573,2967,108
545,2967,180
730,2747,238
703,2966,81
933,2800,156
967,2891,168
706,2986,120
958,2972,165
594,2892,182
860,2944,143
509,2875,132
745,2926,180
906,2888,208
667,2968,180
750,2858,208
638,2910,50
956,2990,143
764,2765,96
803,2760,144
881,2925,156
542,2772,289
980,2946,224
650,2854,100
803,2995,110
866,2757,90
962,2817,208
568,2930,132
730,2902,110
534,2924,182
950,2728,195
918,2981,99
734,2886,117
711,2946,110
623,2720,143
801,2862,210
638,2955,81
620,2956,120
569,2784,180
513,2926,96
695,2707,108
897,2788,135
603,2773,99
645,2738,121
869,2734,143
664,2805,90
800,2894,80
905,2924,121
510,2920,90
821,2917,64
896,2820,169
693,2923,88
923,2819,132
521,2814,117
981,2858,156
882,2955,90
712,2772,238
994,2742,99
838,2965,90
581,2963,154
771,2742,70
817,2802,90
855,2733,88
873,2888,144
886,2971,126
618,2867,77
557,2832,121
567,2810,77
803,2885,121
733,2853,132
592,2948,84
504,2823,84
632,2735,110
972,2711,165
797,2848,72
509,2733,154
506,2958,120
593,2821,128
739,2994,91
818,2750,80
670,2747,140
970,2968,121
808,2943,99
808,2931,77
659,2943,153
558,2899,135
630,2872,81
641,2892,88
670,2861,153
614,2795,121
600,2775,90
653,2734,100
648,2723,100
844,2769,81
874,2794,99
883,2749,64
936,2740,130
953,2844,130
503,2764,132
813,2713,72
923,2747,100
968,2753,90
545,2947,81
681,2807,36
585,2763,49
607,2717,63
761,2906,99
773,2889,72
994,2882,77
951,2705,54
723,2930,72
937,2934,64
1108,2863,168
1063,2768,208
1117,2715,240
1134,2929,154
1278,2894,108
1395,2962,176
1406,2996,100
1121,2818,80
1066,2936,156
1009,2843,99
1186,2937,168
1376,2929,210
1015,2758,110
1197,2927,143
1312,2744,238
1333,2976,196
1179,2871,182
1105,2969,90
1479,2830,144
1006,2711,168
1077,2892,72
1488,2710,110
1145,2945,99
1020,2914,143
1414,2948,100
1387,2720,88
1454,2955,81
1430,2932,143
1404,2983,121
1063,2857,126
1124,2898,121
1195,2750,120
1354,2852,154
1419,2837,126
1181,2850,104
1299,2855,154
1360,2893,156
1412,2851,180
1207,2965,132
1234,2708,120
1295,2894,110
1294,2786,99
1295,2883,80
1296,2705,132
1096,2991,84
1353,2815,140
1386,2990,132
1162,2927,99
1354,2753,99
1380,2770,120
1126,2983,156
1082,2972,88
1094,2989,112
1104,2927,99
1367,2798,90
1384,2854,143
1469,2896,90
1145,2713,294
1148,2781,195
1479,2873,72
1036,2886,108
1181,2771,132
1287,2720,132
1288,2753,110
1218,2750,210
1451,2846,272
1174,2786,126
1432,2856,196
1414,2710,110
1265,2711,224
1101,2830,100
1267,2830,225
1479,2932,224
1209,2984,154
1189,2986,121
1265,2956,121
1256,2967,64
1243,2986,48
1308,2917,130
1331,2908,154
1260,2887,169
1237,2844,195
1259,2776,90
1230,2803,99
1145,2758,156
1054,2939,130
1002,2815,56
1187,2716,132
1162,2757,99
1352,2711,100
1406,2721,63
1055,2866,81
1032,2882,90
1024,2857,56
1201,2844,72
1475,2948,110
1487,2908,80
1472,2905,56
1443,2706,112
1273,2778,132
1231,2888,72
1161,2821,63
1117,2942,63
1016,2991,100
1417,2843,104
1435,2832,81
1127,2804,72
1321,2707,80
1302,2848,108
1081,2780,64
1095,2757,96
1195,2949,90
19,3208,182
6,3185,176
151,3227,120
475,3041,99
115,3184,130
54,3074,168
126,3248,100
73,3264,144
448,3085,117
216,3042,63
458,3017,154
462,3138,132
115,3184,108
332,3214,90
89,3228,88
83,3067,96
343,3248,266
410,3001,156
63,3113,330
357,3274,99
24,3056,144
381,3171,154
50,3035,132
86,3020,99
413,3261,120
143,3186,56
63,3176,224
318,3029,208
254,3259,240
479,3206,100
300,3264,96
349,3102,108
226,3214,99
50,3277,195
367,3216,140
105,3185,96
84,3124,99
463,3258,96
164,3078,90
296,3114,100
174,3232,88
367,3050,63
434,3033,72
158,3155,120
373,3296,132
160,3197,156
410,3246,90
458,3187,108
128,3072,90
235,3242,81
445,3176,90
301,3166,120
478,3011,140
353,3136,99
317,3078,99
407,3162,130
350,3014,88
207,3001,105
170,3140,120
221,3103,88
210,3171,156
232,3044,64
439,3071,80
260,3027,154
384,3032,99
118,3088,180
456,3117,104
441,3253,88
499,3155,55
225,3011,96
227,3163,117
390,3095,121
355,3155,192
120,3045,84
405,3273,99
256,3069,112
172,3041,96
205,3130,130
283,3090,63
168,3116,121
467,3235,168
384,3142,121
375,3111,81
404,3291,108
265,3121,100
464,3062,77
407,3071,208
245,3108,144
192,3008,135
208,3120,99
172,3026,108
495,3178,80
124,3050,156
425,3144,88
469,3054,63
199,3163,120
445,3042,108
425,3096,63
61,3164,110
333,3056,88
419,3035,196
429,3113,77
186,3167,99
31,3235,99
391,3155,120
248,3290,150
99,3149,117
284,3239,180
365,3233,168
287,3262,112
108,3256,72
104,3242,64
140,3228,90
85,3154,91
108,3031,90
298,3047,81
394,3043,49
359,3058,72
483,3214,98
446,3261,72
475,3257,77
308,3126,72
143,3027,56
140,3013,54
192,3037,56
230,3114,54
243,3119,99
223,3110,56
70,3075,72
630,3036,168
696,3185,140
594,3002,143
599,3271,165
557,3200,195
564,3102,195
854,3196,88
896,3160,121
851,3013,180
526,3162,168
650,3151,130
694,3148,99
643,3023,110
926,3163,154
793,3167,110
675,3213,121
830,3252,168
505,3114,98
700,3087,110
840,3231,110
600,3268,182
757,3100,96
979,3107,135
816,3068,110
941,3233,256
799,3140,132
889,3188,160
840,3035,180
711,3240,110
674,3219,90
807,3264,143
969,3166,132
681,3115,99
554,3180,90
783,3205,110
541,3154,81
648,3171,121
698,3164,72
637,3266,96
643,3293,108
685,3294,143
919,3140,99
913,3070,96
969,3135,154
511,3219,99
905,3282,132
588,3161,144
985,3261,160
530,3214,121
809,3181,80
613,3292,108
572,3173,90
811,3286,70
880,3230,143
981,3073,120
895,3117,99
818,3091,208
916,3092,99
675,3278,108
553,3005,132
666,3070,88
750,3137,132
613,3266,120
615,3071,130
875,3046,225
552,3236,120
743,3263,90
970,3154,84
701,3264,99
808,3055,90
876,3207,130
567,3184,90
955,3147,168
502,3276,108
810,3045,81
870,3173,99
625,3196,120
530,3283,154
657,3134,100
638,3091,156
733,3215,169
732,3152,143
560,3150,99
650,3242,81
923,3083,99
507,3148,108
916,3032,180
737,3059,154
739,3083,132
613,3141,169
581,3180,100
919,3105,80
675,3036,121
896,3209,80
871,3148,130
703,3279,132
548,3257,135
762,3039,143
784,3110,130
679,3125,117
916,3012,100
538,3055,108
971,3195,81
537,3075,192
758,3145,110
964,3089,96
700,3040,88
577,3027,168
701,3032,100
948,3024,240
683,3066,88
612,3019,108
602,3066,100
778,3233,110
755,3222,84
632,3248,110
664,3182,120
581,3061,132
733,3037,143
865,3070,64
882,3110,120
939,3098,81
962,3219,80
965,3240,49
871,3278,80
803,3249,72
938,3183,56
947,3206,70
764,3184,63
822,3150,99
606,3165,77
756,3058,88
1396,3288,165
1286,3191,216
1466,3135,120
1391,3150,270
1054,3248,120
1200,3288,90
1145,3164,280
1281,3144,195
1187,3155,132
1443,3068,130
1399,3203,140
1382,3178,99
1172,3169,154
1235,3222,144
1280,3291,140
1064,3171,120
1417,3205,91
1221,3201,120
1252,3235,169
1416,3050,126
1017,3121,143
1062,3205,120
1474,3237,120
1396,3237,182
1009,3107,132
1169,3191,144
1246,3195,168
1287,3033,104
1494,3268,108
1217,3233,169
1111,3195,234
1353,3178,156
1461,3090,80
1317,3037,108
1362,3110,240
1033,3199,143
1118,3286,121
1249,3110,182
1394,3130,88
1439,3156,210
1330,3014,99
1463,3171,132
1457,3217,156
1086,3002,110
1344,3267,143
1237,3170,110
1251,3148,225
1351,3190,80
1091,3193,90
1471,3095,165
1346,3130,108
1112,3253,70
1274,3195,180
1260,3253,121
1001,3245,126
1015,3160,96
1161,3032,99
1263,3102,70
1486,3090,120
1386,3263,165
1262,3016,117
1114,3089,180
1025,3015,156
1319,3067,180
1042,3037,135
1311,3127,170
1347,3224,99
1047,3020,110
1090,3070,200
1340,3096,117
1492,3119,130
1314,3092,192
1283,3282,132
1353,3234,90
1163,3241,120
1471,3096,240
1157,3137,81
1138,3232,108
1146,3199,132
1005,3117,140
1059,3286,96
1357,3012,120
1071,3055,90
1030,3087,180
1161,3032,80
1470,3032,196
1295,3164,160
1201,3097,100
1476,3041,88
1273,3129,165
1147,3089,117
1168,3060,117
1203,3236,143
1444,3290,108
1340,3249,195
1268,3156,90
1164,3283,80
1283,3110,100
1498,3027,110
324,3579,130
130,3503,169
49,3532,216
297,3534,120
233,3595,96
312,3416,210
368,3522,176
18,3419,117
472,3584,120
476,3538,169
393,3320,210
404,3579,120
419,3311,90
450,3400,143
65,3455,156
72,3557,210
409,3395,110
215,3552,182
150,3361,90
203,3540,121
94,3579,135
316,3305,165
180,3593,91
68,3314,88
198,3338,196
262,3386,60
55,3503,104
133,3526,90
40,3480,154
276,3369,208
128,3437,168
347,3464,132
277,3316,72
488,3414,198
249,3547,132
184,3405,196
170,3309,121
422,3481,120
250,3480,150
491,3593,80
79,3468,132
102,3347,121
2,3570,104
105,3506,144
463,3343,108
295,3475,132
70,3515,112
438,3490,120
202,3445,154
62,3369,132
49,3448,144
7,3311,153
121,3409,132
188,3484,240
32,3509,168
124,3445,99
358,3555,120
217,3525,90
316,3515,110
144,3326,120
254,3411,121
171,3309,99
68,3408,63
434,3436,143
299,3557,104
493,3351,220
425,3357,192
162,3445,196
365,3487,100
204,3356,117
255,3524,99
292,3419,169
343,3382,168
1,3438,132
15,3579,224
161,3565,130
259,3426,144
126,3305,108
110,3460,132
104,3403,90
375,3444,110
338,3490,90
373,3366,143
293,3443,144
249,3449,72
230,3447,90
242,3462,49
437,3339,80
491,3322,130
487,3311,110
99,3455,88
84,3455,42
94,3440,88
405,3436,56
693,3374,80
512,3465,154
682,3518,140
610,3568,99
524,3423,210
759,3490,100
960,3455,121
736,3591,150
763,3347,104
855,3367,110
844,3573,252
922,3445,120
952,3463,130
904,3587,120
709,3472,156
870,3572,88
892,3467,81
861,3549,144
595,3591,130
994,3529,221
804,3511,100
566,3382,280
515,3399,154
513,3505,156
899,3329,192
861,3392,165
634,3488,176
664,3560,182
969,3547,88
807,3569,143
858,3314,264
652,3406,140
939,3473,88
517,3488,169
652,3361,90
827,3309,90
781,3481,100
892,3411,130
960,3399,56
998,3378,120
624,3376,100
679,3315,108
544,3496,88
976,3591,80
817,3427,156
928,3587,169
714,3506,90
772,3334,156
845,3406,99
593,3427,110
929,3375,90
560,3471,208
811,3316,208
884,3371,120
659,3574,182
628,3312,121
613,3474,143
904,3424,80
950,3347,96
633,3375,90
519,3311,81
802,3471,180
507,3598,80
723,3401,120
905,3384,88
986,3328,121
661,3317,180
599,3530,90
814,3550,108
627,3518,110
550,3458,72
996,3400,130
865,3421,104
723,3562,132
922,3422,140
876,3488,132
977,3440,135
665,3443,195
637,3545,143
710,3413,88
660,3485,100
503,3335,105
566,3340,120
639,3526,120
584,3374,112
924,3363,126
792,3432,120
873,3591,80
608,3404,84
604,3466,99
736,3492,195
810,3444,108
683,3326,140
711,3547,77
760,3468,132
693,3544,110
548,3457,80
990,3557,72
840,3468,90
750,3374,120
736,3374,90
754,3391,77
746,3418,54
599,3332,81
619,3514,49
844,3480,48
800,3415,77
1032,3532,120
1201,3363,210
1098,3311,117
1064,3472,144
1223,3529,110
1442,3317,182
1198,3467,130
1344,3356,272
1161,3554,220
1240,3419,108
1480,3397,195
1475,3416,72
1460,3358,110
1387,3366,88
1004,3521,192
1064,3506,110
1292,3416,96
1420,3307,110
1255,3494,110
1365,3468,238
1333,3548,99
1403,3429,99
1123,3346,228
1284,3346,252
1378,3350,99
1138,3324,182
1415,3378,144
1151,3567,99
1205,3410,144
1006,3476,156
1385,3539,182
1083,3425,77
1233,3301,238
1115,3400,156
1313,3463,99
1019,3562,169
1096,3503,88
1153,3361,84
1243,3348,154
1492,3358,154
1451,3496,231
1405,3413,99
1265,3432,132
1340,3513,110
1258,3394,104
1262,3307,130
1191,3419,88
1117,3372,88
1090,3450,168
1443,3452,120
1152,3442,110
1455,3545,208
1492,3549,132
1184,3587,216
1006,3455,80
1151,3515,143
1069,3535,180
1252,3419,126
1410,3472,110
1413,3491,108
1224,3549,80
1497,3415,108
1127,3355,108
1289,3397,99
1316,3421,180
1236,3399,182
1098,3407,99
1436,3455,117
1038,3374,195
1147,3403,100
1254,3515,80
1277,3570,99
1179,3347,195
1239,3453,210
1245,3556,132
1092,3577,110
1349,3327,99
1432,3360,126
1252,3535,90
1491,3581,72
1467,3521,100
1402,3522,121
1199,3559,130
1402,3307,110
1178,3425,120
1287,3333,110
1215,3588,110
1130,3487,81
1427,3334,80
1336,3560,150
1284,3346,132
1238,3373,121
1214,3349,99
1158,3460,81
1479,3542,84
1293,3301,168
1381,3434,126
1045,3525,121
1346,3376,72
1036,3516,192
1384,3398,108
1173,3392,72
1037,3361,110
1055,3328,77
1192,3511,64
1180,3506,49
1172,3521,72
1220,3476,63
1225,3451,81
1146,3557,63
1100,3561,80
1081,3581,99
1334,3462,150
1154,3389,80
1161,3413,63
1001,3334,90
1002,3323,64
1374,3317,99
1477,3584,72
448,3759,200
443,3792,117
303,3710,168
132,3762,192
67,3605,130
79,3636,130
281,3833,130
224,3658,110
345,3862,100
302,3847,182
385,3707,143
69,3705,110
261,3642,143
458,3656,154
82,3748,120
344,3842,240
40,3661,96
162,3880,110
306,3785,255
200,3888,110
432,3713,132
424,3857,180
15,3691,96
168,3741,154
24,3799,256
496,3711,120
74,3619,90
35,3677,204
371,3820,208
367,3758,120
118,3857,143
32,3611,121
372,3746,88
363,3832,99
207,3792,270
137,3721,110
290,3611,132
228,3731,252
118,3644,256
426,3614,210
308,3748,121
217,3752,99
399,3775,108
305,3816,120
96,3713,156
146,3660,169
223,3681,110
1,3720,204
418,3875,130
27,3638,110
468,3689,120
379,3889,154
257,3849,99
132,3761,182
102,3743,70
209,3840,192
482,3799,196
122,3821,120
234,3673,144
434,3666,165
450,3897,84
329,3719,120
191,3610,144
58,3648,99
57,3657,96
379,3677,156
488,3675,117
125,3861,108
322,3736,90
216,3696,110
52,3861,256
408,3742,121
105,3817,143
221,3863,169
137,3742,182
491,3812,63
356,3667,90
423,3695,210
137,3655,110
7,3884,117
469,3618,120
318,3866,121
405,3667,90
137,3809,204
307,3668,121
283,3769,143
260,3700,154
432,3677,121
453,3772,99
60,3653,100
483,3605,105
78,3860,104
367,3807,165
30,3725,165
261,3684,110
422,3735,120
410,3733,70
279,3750,81
236,3825,48
226,3812,70
236,3836,64
259,3715,90
121,3741,72
409,3793,90
980,3760,112
600,3850,182
690,3783,121
963,3836,140
596,3630,195
672,3853,100
893,3646,110
748,3830,90
772,3897,187
978,3728,110
568,3879,132
982,3673,176
950,3787,90
661,3799,132
531,3732,144
891,3842,156
554,3817,110
714,3778,100
696,3737,120
785,3603,143
639,3820,126
970,3729,81
724,3840,180
597,3708,210
866,3668,126
904,3781,120
969,3602,150
812,3779,104
794,3874,120
542,3854,156
738,3637,110
988,3841,88
901,3626,90
858,3649,140
657,3823,132
821,3832,108
920,3711,156
566,3660,110
604,3679,208
593,3812,130
526,3754,108
828,3631,110
546,3737,117
562,3781,130
704,3787,121
689,3716,182
757,3675,176
868,3706,130
604,3670,154
659,3712,110
727,3759,221
816,3808,176
776,3765,168
797,3688,240
870,3787,130
669,3733,132
576,3733,121
711,3858,99
996,3872,88
502,3650,162
984,3781,70
586,3752,117
641,3726,110
585,3645,88
663,3886,143
549,3619,182
680,3829,143
832,3742,154
734,3688,80
907,3892,140
860,3789,88
581,3659,100
680,3726,88
555,3792,84
638,3687,180
642,3787,80
794,3730,90
525,3624,108
776,3858,110
829,3785,112
975,3768,126
834,3656,108
753,3658,196
957,3769,96
650,3712,80
985,3717,224
584,3840,182
649,3875,126
644,3662,108
929,3619,112
524,3796,108
999,3741,50
656,3630,210
533,3770,132
878,3761,180
985,3864,90
988,3797,299
988,3703,180
891,3794,70
880,3800,84
710,3845,63
510,3739,96
541,3805,88
665,3768,90
715,3629,81
825,3626,70
1092,3635,225
1355,3724,108
1460,3808,90
1087,3852,143
1426,3838,168
1202,3737,110
1016,3868,132
1328,3885,180
1075,3812,80
1463,3863,160
1420,3608,130
1274,3784,132
1064,3898,112
1128,3665,224
1367,3892,196
1458,3763,168
1369,3676,72
1251,3870,208
1184,3617,108
1287,3878,208
1388,3778,88
1114,3757,110
1118,3679,120
1270,3615,104
1122,3608,150
1066,3700,169
1059,3655,99
1318,3859,80
1241,3614,63
1135,3806,130
1360,3703,120
1447,3655,169
1078,3773,144
1399,3880,195
1356,3840,81
1371,3661,120
1235,3637,156
1256,3889,170
1205,3636,195
1095,3828,120
1208,3884,168
1417,3810,88
1062,3794,99
1424,3784,126
1020,3820,132
1221,3669,156
1051,3739,120
1157,3632,99
1241,3810,100
1322,3714,169
1300,3828,96
1188,3662,130
1165,3736,196
1062,3744,126
1001,3833,110
1393,3823,90
1126,3839,208
1119,3807,132
1434,3762,110
1183,3841,81
1420,3857,99
1177,3793,80
1268,3639,99
1372,3728,140
1391,3676,80
1496,3807,156
1335,3795,80
1207,3707,156
1399,3677,110
1278,3738,165
1083,3806,99
1071,3820,99
1330,3687,234
1376,3794,108
1272,3660,120
1169,3702,168
1359,3672,72
1288,3894,144
1360,3618,96
1010,3842,156
1106,3671,156
1087,3821,110
1451,3678,110
1219,3777,156
1229,3890,144
1241,3780,80
1374,3636,110
1310,3860,72
1327,3872,168
1450,3711,108
1004,3822,90
1262,3862,84
1432,3725,99
1234,3838,99
1004,3736,72
1476,3659,221
1470,3705,195
1258,3670,100
1105,3867,104
1099,3609,120
1134,3765,48
1143,3769,48
1117,3766,48
1133,3779,36
1046,3744,110
1197,3726,72
1399,3722,88
1391,3730,81
1401,3798,90
1362,3636,117
1343,3632,108
1493,3665,48
1462,3726,81
1255,3803,64
1291,3753,56
1223,3841,64
1138,3896,70
1164,3658,56
1177,3662,49
1037,3604,54
429,3941,72
468,3942,72
40,3953,63
54,3988,90
477,3917,90
135,3961,88
33,3942,72
133,3991,72
347,3917,90
15,3930,48
198,3987,64
208,3932,72
142,3926,72
370,3934,90
213,3915,81
364,3903,90
259,3981,90
7,3914,72
176,3972,63
298,3927,90
2,3937,56
45,3921,80
489,3948,81
233,3926,100
162,3910,80
289,3913,64
153,3913,54
265,3988,72
150,3957,90
216,3993,48
194,3977,49
280,3955,64
328,3961,99
153,3970,72
144,3952,56
443,3940,56
173,3983,72
394,3995,72
407,3991,88
10,3974,70
295,3976,40
65,3929,56
441,3944,42
191,3994,49
142,3902,63
380,3990,48
448,3900,18
144,3981,72
20,3939,36
387,3987,35
288,3919,90
328,3977,48
218,3987,49
149,3915,54
317,3966,66
308,3979,121
532,3956,80
926,3932,64
758,3981,80
961,3997,56
675,3982,72
798,3909,64
776,3919,56
913,3916,80
920,3991,81
557,3954,110
871,3941,56
959,3936,90
826,3945,81
931,3943,72
716,3976,90
984,3922,81
596,3942,72
971,3957,64
600,3985,100
940,3911,72
658,3988,56
906,3987,56
978,3943,100
838,3966,63
864,3948,72
656,3958,42
952,3969,48
557,3997,40
756,3994,56
807,3940,42
853,3955,77
503,3983,40
816,3943,54
766,3995,36
727,3917,81
750,3969,63
511,3922,42
605,3945,35
664,3961,32
669,3952,45
728,3928,66
841,3959,64
592,3935,54
847,3957,49
752,3959,56
1402,3941,80
1076,3979,64
1037,3985,72
1084,3954,81
1252,3965,70
1394,3908,80
1227,3928,64
1148,3932,72
1494,3985,72
1117,3951,72
1129,3941,72
1424,3925,64
1151,3972,56
1154,3956,100
1457,3902,72
1239,3936,90
1457,3950,120
1407,3998,72
1400,3969,88
1169,3984,72
1456,3931,81
1437,3904,121
1254,3904,90
1374,3947,90
1191,3952,120
1258,3937,54
1362,3993,56
1171,3918,63
1156,3986,63
1333,3994,49
1018,3953,72
1134,3903,40
1332,3974,64
1122,3994,63
1087,3946,56
1338,3984,42
1161,3924,70
1499,3969,24
1114,3978,42
1262,3915,40
1185,3989,80
1185,3963,110
1019,3942,72
