com_x,com_y,pixel_area,roi_source
628,338,850,MBP
591,596,378,MBP
181,146,408,MBP
421,353,675,MBP
41,546,238,MBP
298,300,420,MBP
228,99,255,MBP
593,475,272,MBP
174,377,441,MBP
267,300,238,MBP
526,121,210,MBP
442,598,240,MBP
488,77,144,MBP
39,529,306,MBP
585,590,418,MBP
361,23,195,MBP
409,415,396,MBP
100,536,336,MBP
447,20,224,MBP
670,31,527,MBP
351,497,400,MBP
672,114,144,MBP
140,163,180,MBP
728,104,256,MBP
339,554,306,MBP
409,563,210,MBP
486,12,224,MBP
219,246,486,MBP
7,520,304,MBP
264,157,420,MBP
210,518,169,MBP
29,387,210,MBP
330,84,180,MBP
8,251,270,MBP
167,91,352,hand-drawn
300,133,272,hand-drawn
9,577,144,hand-drawn
391,130,272,hand-drawn
296,83,120,hand-drawn
345,7,156,hand-drawn
25,114,90,hand-drawn
829,272,1107,MBP
1245,317,378,MBP
913,240,816,MBP
999,553,806,MBP
1363,550,345,MBP
1291,308,380,MBP
988,141,726,MBP
1206,468,624,MBP
847,381,304,MBP
1258,361,288,MBP
1476,212,756,MBP
757,380,276,MBP
1225,197,289,MBP
1380,39,234,MBP
1391,377,616,MBP
1316,125,368,MBP
1440,111,440,MBP
1089,23,156,MBP
1170,127,288,MBP
1453,519,400,MBP
1491,181,288,MBP
1118,80,252,MBP
1422,31,361,MBP
1085,221,240,MBP
1477,342,500,MBP
795,145,462,MBP
1277,182,154,MBP
957,55,460,hand-drawn
1109,124,360,hand-drawn
1295,23,475,hand-drawn
1170,34,380,hand-drawn
664,731,169,MBP
609,829,234,MBP
663,763,252,MBP
709,976,323,MBP
514,716,208,MBP
587,1067,294,MBP
110,648,414,MBP
679,1134,240,MBP
34,656,224,MBP
445,1028,609,MBP
390,1072,760,MBP
309,761,224,MBP
550,945,288,MBP
76,1189,289,MBP
298,706,288,MBP
586,1162,266,MBP
229,1092,460,MBP
374,852,342,MBP
215,1008,304,MBP
540,741,323,MBP
333,684,306,MBP
708,867,360,MBP
45,1115,342,MBP
143,1126,288,MBP
82,894,280,MBP
549,1187,280,MBP
287,1030,420,MBP
119,790,280,MBP
278,664,342,MBP
695,914,323,MBP
414,812,306,MBP
685,870,224,MBP
151,979,420,MBP
314,642,192,MBP
527,1007,294,MBP
682,1109,224,MBP
373,668,361,MBP
357,1088,306,MBP
324,816,304,MBP
122,1102,234,MBP
582,908,600,MBP
568,711,324,MBP
444,773,396,MBP
21,950,280,MBP
708,1057,270,MBP
91,1155,285,hand-drawn
574,1135,143,hand-drawn
602,1137,195,hand-drawn
385,1042,210,hand-drawn
370,1043,121,hand-drawn
455,986,357,hand-drawn
373,871,361,hand-drawn
450,859,308,hand-drawn
448,648,240,hand-drawn
451,816,143,hand-drawn
530,834,132,hand-drawn
272,906,144,hand-drawn
305,840,196,hand-drawn
1120,1131,340,MBP
1354,965,238,MBP
896,1065,225,MBP
1055,999,256,MBP
1249,1125,156,MBP
888,989,361,MBP
1365,764,256,MBP
924,1166,288,MBP
944,832,270,MBP
804,870,156,MBP
985,1077,418,MBP
1458,959,247,MBP
992,923,266,MBP
1168,1055,289,MBP
802,986,221,MBP
1286,875,169,MBP
1191,909,323,MBP
1200,1005,306,MBP
1388,881,225,MBP
1363,1058,221,MBP
779,711,240,MBP
1179,821,324,MBP
1235,1100,224,MBP
998,1117,323,MBP
762,1071,308,MBP
1230,656,380,MBP
943,983,288,MBP
1425,789,460,MBP
1075,699,289,MBP
1356,1082,294,MBP
1122,1159,357,MBP
931,641,221,MBP
1478,703,323,MBP
1235,1179,342,MBP
1134,897,374,MBP
1375,815,144,MBP
1470,1178,195,MBP
1244,989,357,MBP
902,874,323,MBP
931,1013,460,MBP
895,691,783,MBP
1057,1022,240,MBP
1192,1185,288,MBP
1073,612,392,MBP
1279,1155,280,MBP
1448,914,380,MBP
896,824,180,MBP
1372,655,324,MBP
1306,717,180,MBP
755,1140,336,MBP
1239,947,208,MBP
875,1189,306,MBP
792,1123,272,MBP
1111,663,342,MBP
1136,790,208,MBP
1112,1179,340,hand-drawn
770,1196,336,hand-drawn
958,786,324,hand-drawn
1043,726,252,hand-drawn
1268,789,198,hand-drawn
1018,983,210,hand-drawn
801,1061,266,hand-drawn
813,1130,108,hand-drawn
862,1795,441,MBP
1131,1649,256,MBP
1289,1649,224,MBP
774,1629,456,MBP
1265,1711,408,MBP
1229,1322,224,MBP
1313,1771,550,MBP
1449,1794,289,MBP
1390,1612,378,MBP
973,1730,285,MBP
1133,1787,336,MBP
1401,1638,480,MBP
1439,1345,208,MBP
1298,1219,448,MBP
1089,1484,210,MBP
843,1623,418,MBP
1298,1594,216,MBP
1270,1422,352,MBP
914,1731,360,MBP
1487,1761,320,MBP
1470,1508,624,MBP
913,1780,420,MBP
897,1638,725,MBP
932,1505,300,MBP
1249,1776,210,MBP
1446,1448,238,MBP
860,1602,704,MBP
1326,1531,620,MBP
809,1301,357,MBP
1192,1602,440,MBP
1182,1417,324,MBP
960,1789,432,MBP
1375,1779,696,MBP
1180,1783,240,MBP
779,1446,520,MBP
1135,1744,238,MBP
1213,1484,506,MBP
953,1267,210,MBP
1080,1262,342,MBP
983,1245,306,MBP
848,1459,625,MBP
1371,1577,300,MBP
760,1716,450,MBP
1431,1702,340,MBP
1167,1461,560,MBP
1307,1495,378,MBP
1126,1707,342,MBP
1265,1374,272,MBP
1394,1493,391,MBP
1305,1234,598,MBP
978,1551,374,MBP
982,1464,504,MBP
782,1403,192,MBP
1289,1769,255,MBP
1025,1265,306,MBP
1081,1524,300,MBP
1206,1732,252,MBP
1019,1350,416,MBP
975,1724,315,MBP
1034,1621,300,MBP
1053,1773,525,MBP
1434,1726,234,MBP
1472,1707,272,MBP
1225,1549,266,MBP
1334,1498,456,MBP
1109,1521,256,MBP
1498,1236,156,MBP
1018,1421,340,MBP
1068,1584,255,MBP
1178,1490,360,MBP
912,1368,285,MBP
1209,1695,320,MBP
900,1560,682,MBP
848,1436,506,MBP
809,1714,289,MBP
797,1675,272,MBP
1014,1381,289,MBP
1153,1510,342,MBP
1027,1555,256,MBP
1323,1538,324,MBP
1100,1538,208,MBP
956,1660,525,MBP
1225,1655,182,MBP
874,1697,169,MBP
1005,1382,323,MBP
1016,1483,216,MBP
1499,1638,224,MBP
977,1656,272,MBP
1202,1530,240,MBP
1310,1754,450,MBP
1104,1641,182,hand-drawn
1394,1353,209,hand-drawn
1257,1660,144,hand-drawn
1301,1677,132,hand-drawn
1110,1282,156,hand-drawn
1109,1303,110,hand-drawn
1023,1589,224,hand-drawn
1487,1788,196,hand-drawn
808,1391,272,hand-drawn
859,1658,210,hand-drawn
1364,1743,156,hand-drawn
997,1344,168,hand-drawn
193,2391,399,MBP
688,2239,399,MBP
189,2114,384,MBP
715,2333,210,MBP
576,2033,440,MBP
614,2224,266,MBP
163,2227,361,MBP
295,2362,391,MBP
492,1828,255,MBP
335,1822,396,MBP
711,2195,180,MBP
441,1986,380,MBP
235,2287,418,MBP
33,1804,432,MBP
139,2220,240,MBP
377,2333,272,MBP
605,1833,272,MBP
730,1961,624,MBP
230,2017,420,MBP
429,2155,700,MBP
293,2192,266,MBP
703,1828,234,MBP
124,2328,240,MBP
5,2014,330,MBP
338,1886,247,MBP
449,1849,238,MBP
723,2146,289,MBP
599,2140,456,MBP
86,1997,380,MBP
165,1858,285,MBP
627,2312,234,MBP
552,2115,361,MBP
529,2257,320,MBP
382,2059,224,MBP
524,1873,483,MBP
245,2100,306,MBP
416,1904,342,MBP
476,2296,342,MBP
236,2143,210,MBP
576,2203,288,MBP
397,2035,483,MBP
98,1945,500,MBP
308,1878,208,MBP
258,2125,144,MBP
524,2018,342,MBP
398,2177,437,MBP
734,2064,308,MBP
437,2286,360,MBP
326,1935,342,MBP
328,2123,340,MBP
140,2090,289,MBP
1,2204,336,MBP
546,2176,216,MBP
147,2299,225,MBP
587,1969,598,MBP
155,1877,288,MBP
625,2018,378,MBP
77,2030,285,MBP
696,2384,224,MBP
402,1871,342,MBP
680,2031,224,MBP
589,2186,285,MBP
190,1910,272,MBP
370,2241,500,MBP
98,2063,252,MBP
523,2369,240,MBP
484,2371,195,MBP
149,1944,345,MBP
83,2160,330,MBP
36,2123,156,MBP
563,2179,252,MBP
338,1951,256,MBP
237,2033,196,MBP
480,2207,324,MBP
249,1828,289,MBP
572,2319,396,MBP
148,2066,441,MBP
314,2237,441,MBP
94,2207,270,MBP
309,2236,323,MBP
659,2176,143,MBP
450,1980,210,MBP
162,2067,306,hand-drawn
197,2047,169,hand-drawn
159,2124,156,hand-drawn
174,2106,143,hand-drawn
9,2244,108,hand-drawn
878,1990,396,MBP
1087,2359,528,MBP
1252,2245,252,MBP
1355,1885,306,MBP
1184,2093,224,MBP
867,2085,182,MBP
1037,2396,630,MBP
1492,2069,270,MBP
1065,2165,336,MBP
772,2248,567,MBP
1280,2182,336,MBP
1259,1899,240,MBP
979,1975,374,MBP
974,2002,255,MBP
1011,2061,224,MBP
1405,2076,540,MBP
1342,1916,240,MBP
1095,1991,342,MBP
1019,2211,196,MBP
1249,1831,418,MBP
1139,2079,432,MBP
957,2075,324,MBP
904,2205,360,MBP
1376,2014,418,MBP
916,2189,306,MBP
1395,2233,238,MBP
1329,2205,288,MBP
945,2223,506,MBP
1294,1899,180,MBP
895,2382,374,MBP
839,1871,342,MBP
1110,2042,323,MBP
1169,2296,432,MBP
1489,2366,450,MBP
1137,1834,323,MBP
1170,2230,324,MBP
1283,2089,252,MBP
806,1983,323,MBP
888,1806,340,MBP
1261,1962,195,MBP
1014,1876,460,MBP
1453,1921,380,MBP
792,1910,210,MBP
1151,2385,441,MBP
1334,2159,289,MBP
888,1888,440,MBP
1345,1980,289,MBP
1216,2167,256,MBP
1034,2253,208,MBP
1036,2195,336,MBP
1012,1959,240,MBP
1269,2132,320,MBP
1360,2148,256,MBP
954,1855,460,MBP
937,2265,272,MBP
1277,2273,340,MBP
978,1908,169,MBP
968,2027,210,MBP
1167,1823,255,MBP
1495,1943,272,MBP
922,2385,360,MBP
1421,2132,256,MBP
1165,1896,224,MBP
1482,2202,240,MBP
1488,2105,196,MBP
1015,2272,483,MBP
1423,2338,240,MBP
1098,2109,204,MBP
821,1932,182,MBP
1248,2145,238,MBP
1150,1963,378,MBP
804,2126,300,MBP
1200,1827,182,MBP
969,2171,195,MBP
1137,2184,378,MBP
1406,2373,168,MBP
779,2210,224,MBP
759,2051,308,MBP
865,2143,336,MBP
1177,2268,256,MBP
1226,1820,210,MBP
916,2031,272,MBP
861,2260,420,MBP
1167,2259,399,MBP
816,2222,224,MBP
1432,2201,288,MBP
1408,1931,399,MBP
825,2247,513,MBP
763,2365,288,MBP
1052,2009,272,MBP
1043,1929,270,MBP
987,1954,240,MBP
1159,2026,168,MBP
1368,1810,221,MBP
1422,1983,360,MBP
1282,1819,342,MBP
1226,2095,255,MBP
866,1836,238,MBP
930,1959,272,MBP
1241,2061,255,MBP
986,2167,240,MBP
883,2059,221,MBP
1152,1925,208,hand-drawn
1281,1994,156,hand-drawn
1297,1975,192,hand-drawn
867,1936,195,hand-drawn
958,2044,130,hand-drawn
769,2153,168,hand-drawn
1264,2215,210,hand-drawn
762,1874,154,hand-drawn
447,2471,1188,MBP
255,2987,378,MBP
713,2489,288,MBP
124,2687,418,MBP
41,2812,238,MBP
528,2933,320,MBP
66,2647,324,MBP
503,2859,440,MBP
690,2781,270,MBP
305,2743,288,MBP
283,2502,312,MBP
639,2625,480,MBP
8,2987,306,MBP
655,2980,306,MBP
250,2926,272,MBP
356,2767,208,MBP
378,2837,320,MBP
217,2943,240,MBP
246,2721,462,MBP
283,2674,504,MBP
337,2578,408,MBP
717,2865,357,MBP
534,2738,783,MBP
505,2525,255,MBP
142,2724,342,MBP
351,2910,720,MBP
40,2894,418,MBP
471,2645,272,MBP
110,2424,255,MBP
412,2760,234,MBP
3,2929,224,MBP
245,2752,288,MBP
405,2865,420,MBP
64,2690,280,MBP
627,2892,247,MBP
565,2614,255,MBP
335,2860,256,MBP
78,2996,255,MBP
305,2818,234,MBP
249,2582,504,MBP
241,2434,210,MBP
77,2547,441,MBP
723,2675,240,MBP
51,2829,156,MBP
131,2497,380,MBP
460,2823,255,MBP
553,2486,285,MBP
398,2562,504,MBP
131,2469,300,MBP
113,2790,378,MBP
581,2408,360,MBP
44,2533,468,MBP
526,2804,180,MBP
553,2545,744,MBP
88,2576,238,MBP
445,2916,450,MBP
643,2786,342,MBP
418,2679,225,MBP
713,2802,361,MBP
191,2569,272,MBP
211,2979,374,MBP
128,2742,195,MBP
358,2994,208,MBP
32,2756,240,MBP
313,2956,240,MBP
357,2625,399,MBP
356,2686,288,MBP
14,2673,270,MBP
511,2463,462,MBP
121,2417,208,MBP
383,2616,323,MBP
509,2907,180,MBP
647,2661,224,MBP
139,2986,252,MBP
642,2862,204,MBP
625,2769,342,MBP
90,2566,288,MBP
529,2958,272,MBP
1,2895,247,MBP
5,2834,288,MBP
24,2547,364,MBP
696,2740,255,MBP
671,2995,165,hand-drawn
23,2539,342,hand-drawn
44,2557,196,hand-drawn
719,2775,168,hand-drawn
740,2742,90,hand-drawn
470,2564,352,hand-drawn
1171,2965,775,MBP
922,2876,399,MBP
1248,2941,320,MBP
1046,2499,210,MBP
1065,2904,168,MBP
766,2698,255,MBP
797,2955,234,MBP
1446,2479,400,MBP
1450,2868,475,MBP
1311,2510,324,MBP
1415,2582,306,MBP
931,2476,420,MBP
966,2869,483,MBP
856,2409,475,MBP
880,2830,238,MBP
1038,2754,255,MBP
1108,2563,256,MBP
1282,2455,270,MBP
1188,2730,550,MBP
1300,2430,270,MBP
1053,2800,238,MBP
1354,2613,396,MBP
1366,2884,240,MBP
899,2774,323,MBP
954,2821,195,MBP
1063,2461,234,MBP
996,2697,465,MBP
1226,2702,240,MBP
879,2909,195,MBP
1490,2877,336,MBP
1403,2623,342,MBP
1269,2479,272,MBP
853,2657,323,MBP
1009,2631,289,MBP
756,2634,285,MBP
989,2520,437,MBP
1202,2992,234,MBP
927,2677,378,MBP
1051,2728,255,MBP
1006,2925,208,MBP
1459,2716,289,MBP
1083,2776,238,MBP
993,2439,299,MBP
1261,2770,324,MBP
1111,2473,289,MBP
1466,2663,255,MBP
788,2929,304,MBP
1368,2545,182,MBP
971,2989,377,MBP
1318,2602,342,MBP
995,2437,330,MBP
987,2669,208,MBP
1212,2725,440,MBP
1176,2875,342,MBP
853,2685,484,MBP
1344,2480,522,MBP
1456,2429,234,MBP
1365,2556,256,MBP
829,2793,247,MBP
1248,2896,224,MBP
1164,2714,216,MBP
1081,2939,483,MBP
799,2484,483,MBP
1374,2744,169,MBP
929,2859,240,MBP
1015,2544,252,MBP
832,2608,360,MBP
1253,2979,221,MBP
994,2418,342,MBP
1279,2904,323,MBP
1228,2718,260,MBP
1052,2629,432,MBP
1128,2429,288,MBP
1004,2521,240,MBP
894,2536,456,MBP
1273,2691,476,MBP
791,2792,154,MBP
1037,2680,225,MBP
900,2567,357,MBP
1266,2645,240,MBP
1004,2795,289,MBP
1432,2906,648,MBP
1375,2543,182,MBP
1218,2836,288,MBP
960,2912,414,MBP
765,2902,272,MBP
1446,2788,204,MBP
1246,2976,255,MBP
953,2776,180,MBP
1104,2773,182,hand-drawn
1130,2773,154,hand-drawn
892,2746,169,hand-drawn
967,2774,104,hand-drawn
790,2994,196,hand-drawn
1338,2575,195,hand-drawn
1367,2580,169,hand-drawn
1056,2431,156,hand-drawn
1424,2845,176,hand-drawn
1412,2894,156,hand-drawn
1163,2601,180,hand-drawn
726,3469,440,MBP
181,3052,342,MBP
462,3501,225,MBP
703,3563,204,MBP
565,3571,180,MBP
687,3358,247,MBP
71,3512,240,MBP
130,3408,224,MBP
640,3415,437,MBP
559,3064,425,MBP
640,3218,240,MBP
252,3387,224,MBP
275,3337,775,MBP
65,3315,289,MBP
598,3142,238,MBP
349,3418,294,MBP
478,3396,340,MBP
218,3322,240,MBP
311,3350,323,MBP
449,3159,682,MBP
457,3228,570,MBP
498,3132,180,MBP
109,3533,153,MBP
728,3058,285,MBP
235,3397,285,MBP
78,3214,272,MBP
413,3132,270,MBP
387,3465,420,MBP
421,3114,315,MBP
116,3237,272,MBP
269,3244,270,MBP
675,3313,210,MBP
79,3158,300,MBP
212,3154,300,MBP
453,3583,289,MBP
97,3391,322,MBP
492,3340,224,MBP
309,3477,210,MBP
80,3480,228,MBP
289,3374,285,MBP
33,3387,588,MBP
703,3448,196,MBP
567,3290,195,MBP
629,3125,285,MBP
508,3231,196,MBP
677,3475,272,MBP
418,3434,208,MBP
617,3089,198,MBP
630,3315,224,MBP
299,3065,304,MBP
151,3464,196,MBP
743,3571,204,MBP
162,3463,240,MBP
348,3034,285,MBP
308,3421,204,MBP
291,3515,169,MBP
583,3406,552,MBP
722,3562,273,MBP
174,3164,225,MBP
348,3546,228,MBP
548,3130,360,MBP
478,3283,342,MBP
137,3421,208,MBP
330,3313,270,MBP
290,3005,234,MBP
201,3028,400,MBP
22,3483,165,MBP
687,3040,280,MBP
165,3215,360,MBP
514,3413,304,MBP
716,3245,240,MBP
93,3563,182,MBP
233,3095,576,MBP
216,3461,247,MBP
659,3140,216,MBP
349,3072,336,MBP
594,3181,132,MBP
138,3182,180,MBP
680,3483,225,MBP
524,3338,187,MBP
602,3478,168,MBP
457,3329,196,MBP
253,3229,255,MBP
92,3422,270,MBP
510,3397,180,MBP
713,3290,209,MBP
679,3309,221,MBP
629,3067,224,MBP
703,3384,210,MBP
68,3229,255,MBP
309,3561,255,MBP
575,3355,210,MBP
411,3515,156,MBP
111,3513,247,MBP
392,3421,320,MBP
402,3389,156,MBP
375,3400,252,MBP
269,3347,460,MBP
747,3341,154,MBP
190,3438,342,MBP
205,3371,210,MBP
330,3523,196,MBP
115,3277,192,MBP
569,3225,187,MBP
57,3478,238,MBP
588,3092,198,MBP
652,3379,196,MBP
233,3172,270,MBP
632,3293,182,MBP
677,3476,272,MBP
501,3422,420,MBP
164,3068,252,MBP
272,3569,240,MBP
336,3071,220,hand-drawn
303,3056,154,hand-drawn
247,3149,132,hand-drawn
273,3146,204,hand-drawn
385,3305,117,hand-drawn
392,3287,99,hand-drawn
482,3457,156,hand-drawn
308,3371,100,hand-drawn
320,3404,182,hand-drawn
173,3410,238,hand-drawn
191,3421,132,hand-drawn
156,3592,210,hand-drawn
102,3348,140,hand-drawn
106,3335,108,hand-drawn
705,3015,192,hand-drawn
557,3426,156,hand-drawn
461,3418,192,hand-drawn
414,3376,108,hand-drawn
361,3515,144,hand-drawn
345,3458,120,hand-drawn
568,3527,99,hand-drawn
81,3394,144,hand-drawn
125,3218,100,hand-drawn
581,3332,143,hand-drawn
575,3254,100,hand-drawn
1049,3109,255,MBP
816,3409,210,MBP
1165,3552,216,MBP
1266,3028,550,MBP
1050,3391,192,MBP
1261,3484,224,MBP
1085,3344,169,MBP
1431,3007,300,MBP
1202,3359,196,MBP
1184,3014,240,MBP
925,3522,238,MBP
810,3431,272,MBP
1109,3001,378,MBP
1401,3423,192,MBP
1203,3515,192,MBP
1344,3142,240,MBP
967,3503,238,MBP
1379,3331,192,MBP
799,3186,418,MBP
962,3278,182,MBP
1447,3168,294,MBP
1454,3137,324,MBP
946,3451,374,MBP
1203,3171,288,MBP
1062,3517,169,MBP
1287,3336,192,MBP
971,3350,256,MBP
1233,3159,300,MBP
1081,3328,266,MBP
895,3552,208,MBP
1119,3288,225,MBP
1373,3077,285,MBP
850,3106,180,MBP
1016,3454,168,MBP
1098,3152,208,MBP
935,3095,266,MBP
1037,3284,204,MBP
1395,3458,280,MBP
1278,3084,225,MBP
1217,3081,180,MBP
1252,3250,240,MBP
975,3146,210,MBP
1178,3555,204,MBP
795,3276,255,MBP
1404,3548,378,MBP
994,3310,216,MBP
1093,3445,414,MBP
1277,3358,252,MBP
1058,3480,340,MBP
833,3043,300,MBP
760,3046,266,MBP
762,3422,224,MBP
812,3334,260,MBP
824,3012,220,MBP
846,3571,442,MBP
907,3206,192,MBP
1128,3476,270,MBP
958,3563,342,MBP
1466,3327,210,MBP
1440,3427,400,MBP
1410,3110,165,MBP
1379,3210,156,MBP
1272,3376,304,MBP
1448,3451,294,MBP
1214,3012,260,MBP
1305,3374,208,MBP
791,3521,221,MBP
766,3401,256,MBP
1248,3311,320,MBP
914,3224,196,MBP
1033,3305,345,MBP
1206,3539,320,MBP
885,3497,255,MBP
1215,3473,198,MBP
1449,3335,192,MBP
1166,3203,210,MBP
960,3187,286,MBP
1420,3272,247,MBP
1260,3217,154,MBP
908,3512,169,MBP
1498,3144,165,MBP
1455,3481,240,MBP
837,3210,165,MBP
1444,3102,252,MBP
1117,3122,195,MBP
1169,3405,220,MBP
1270,3165,182,MBP
1118,3264,238,MBP
1118,3235,360,MBP
1281,3269,210,MBP
836,3515,286,MBP
1053,3172,266,MBP
1110,3412,312,MBP
898,3170,170,MBP
1132,3452,306,MBP
1135,3418,153,MBP
927,3076,168,MBP
820,3427,255,MBP
1428,3194,460,MBP
792,3148,288,MBP
924,3122,204,MBP
1036,3020,288,MBP
1293,3404,208,MBP
1388,3363,210,MBP
847,3169,260,MBP
860,3345,400,MBP
1161,3435,240,MBP
1129,3075,247,MBP
826,3277,210,MBP
1126,3383,210,MBP
1337,3085,288,MBP
1321,3225,272,MBP
1220,3109,195,MBP
1228,3126,204,MBP
985,3184,368,MBP
821,3060,224,MBP
866,3140,323,MBP
1350,3336,285,MBP
778,3270,272,MBP
1462,3217,273,MBP
953,3559,294,MBP
1153,3312,225,MBP
1219,3447,256,MBP
1477,3167,216,MBP
1095,3466,270,MBP
762,3197,280,MBP
843,3154,336,MBP
1155,3098,221,MBP
809,3071,272,MBP
810,3289,224,MBP
789,3561,224,MBP
1157,3081,352,MBP
1317,3172,168,MBP
754,3235,224,MBP
1352,3290,252,MBP
1461,3106,195,MBP
1233,3159,216,MBP
1168,3247,168,MBP
981,3075,180,MBP
933,3184,289,MBP
998,3026,342,MBP
1449,3250,195,MBP
800,3394,187,MBP
807,3490,288,MBP
1428,3314,360,MBP
905,3441,104,hand-drawn
1488,3507,108,hand-drawn
787,3027,154,hand-drawn
758,3261,225,hand-drawn
777,3486,210,hand-drawn
787,3587,180,hand-drawn
1391,3533,169,hand-drawn
1352,3536,165,hand-drawn
1419,3596,132,hand-drawn
1450,3372,182,hand-drawn
1090,3313,132,hand-drawn
1074,3251,110,hand-drawn
1337,3319,196,hand-drawn
948,3189,117,hand-drawn
973,3204,240,hand-drawn
430,3717,210,MBP
648,3758,270,MBP
744,3834,224,MBP
570,3719,266,MBP
495,3683,234,MBP
190,3798,272,MBP
54,3752,260,MBP
501,3759,255,MBP
249,3719,195,MBP
510,3811,182,MBP
129,3620,252,MBP
586,3844,169,MBP
321,3747,255,MBP
615,3822,224,MBP
331,3673,270,MBP
401,3856,270,MBP
159,3632,210,MBP
632,3612,224,MBP
168,3744,192,MBP
463,3823,221,MBP
637,3673,270,MBP
566,3845,154,MBP
478,3612,280,MBP
641,3628,224,MBP
151,3776,285,MBP
321,3841,180,MBP
687,3695,234,MBP
61,3719,210,MBP
697,3637,169,MBP
79,3826,224,MBP
132,3724,187,MBP
117,3756,195,MBP
305,3685,168,MBP
576,3659,120,MBP
12,3694,196,MBP
517,3826,192,MBP
214,3618,216,MBP
635,3852,152,MBP
421,3643,192,MBP
24,3732,260,MBP
412,3794,182,MBP
81,3606,128,MBP
378,3727,70,MBP
15,3842,165,MBP
93,3639,221,MBP
253,3796,224,MBP
421,3684,225,MBP
433,3665,196,MBP
604,3696,195,MBP
236,3669,266,MBP
118,3697,108,MBP
13,3716,288,MBP
734,3613,180,MBP
540,3848,182,MBP
51,3712,143,MBP
661,3799,195,MBP
487,3810,176,MBP
737,3744,169,MBP
421,3734,132,MBP
558,3735,120,MBP
412,3716,143,MBP
224,3602,95,MBP
208,3671,182,MBP
476,3781,176,MBP
131,3619,210,MBP
69,3611,144,MBP
671,3812,192,MBP
665,3798,165,MBP
605,3636,128,MBP
596,3793,100,MBP
368,3719,99,MBP
723,3604,90,MBP
394,3712,132,MBP
638,3656,156,MBP
558,3857,120,MBP
50,3838,132,MBP
75,3774,135,MBP
348,3602,108,MBP
325,3734,130,MBP
377,3695,196,MBP
423,3806,121,MBP
408,3679,143,MBP
443,3642,156,MBP
443,3680,108,hand-drawn
1059,3814,364,MBP
1000,3719,270,MBP
1490,3832,286,MBP
1328,3655,308,MBP
1109,3695,352,MBP
963,3625,266,MBP
1198,3703,255,MBP
1206,3809,234,MBP
1378,3767,322,MBP
966,3629,260,MBP
977,3779,240,MBP
1316,3821,216,MBP
1108,3751,208,MBP
1040,3769,182,MBP
1299,3669,208,MBP
971,3821,192,MBP
1000,3755,187,MBP
1412,3813,224,MBP
1096,3718,195,MBP
1168,3731,260,MBP
1361,3849,352,MBP
917,3797,209,MBP
1143,3640,240,MBP
1100,3641,231,MBP
785,3673,234,MBP
1119,3804,180,MBP
1487,3653,156,MBP
1031,3683,198,MBP
765,3699,195,MBP
1463,3729,196,MBP
842,3670,224,MBP
1130,3710,170,MBP
1246,3740,240,MBP
979,3845,252,MBP
1153,3608,221,MBP
762,3849,210,MBP
1034,3700,196,MBP
1145,3791,156,MBP
1192,3620,204,MBP
1434,3639,192,MBP
1338,3737,234,MBP
1349,3799,224,MBP
895,3669,154,MBP
872,3737,168,MBP
1322,3709,252,MBP
1290,3718,192,MBP
1200,3672,165,MBP
1468,3842,156,MBP
1247,3764,224,MBP
1221,3663,144,MBP
899,3682,221,MBP
957,3673,120,MBP
857,3761,195,MBP
1117,3789,192,MBP
1362,3709,224,MBP
962,3781,208,MBP
961,3782,140,MBP
883,3608,242,MBP
810,3601,108,MBP
1357,3773,221,MBP
1181,3626,238,MBP
891,3828,182,MBP
1456,3686,144,MBP
962,3780,210,MBP
1393,3655,256,MBP
1243,3712,156,MBP
1003,3830,165,MBP
1201,3641,208,MBP
1366,3663,182,MBP
1457,3636,120,MBP
1213,3718,210,MBP
1492,3810,153,MBP
1376,3713,182,MBP
1477,3692,196,MBP
771,3856,154,MBP
1229,3651,169,MBP
1359,3728,208,MBP
1231,3715,182,MBP
884,3812,100,MBP
1194,3688,180,MBP
1115,3703,143,MBP
1299,3855,50,MBP
939,3686,154,MBP
1377,3768,204,MBP
984,3802,117,MBP
1447,3669,88,hand-drawn
1162,3854,90,hand-drawn
